0.000000000      147.1
1.034739229      147.2
2.111564626      147.3
3.173877551      147.4
4.919727891      148.1
5.995102040      148.2
7.306303855      148.3
8.342494331      148.4
9.571700680      149.1
10.823401360      149.2
12.022494331      149.3
13.089160997      149.4
14.160907029      150.1
15.454693877      150.2
16.621496598      150.3
17.732789115      150.4
18.933333333      151.1
20.141496598      151.2
21.272380952      151.3
22.356462585      151.4
23.423129251      152.1
24.655238095      152.2
25.665668934      152.3
26.630748299      152.4
27.814965986      153.1
28.901224489      153.2
30.011065759      153.3
31.013877551      153.4
32.223673469      154.1
33.192018140      154.2
34.345034013      154.3
35.141224489      154.4
36.550748299      155.1
37.639002267      155.2
38.689160997      155.3
39.730612245      155.4
40.821224489      156.1
41.995827664      156.2
43.030748299      156.3
44.097414966      156.4
45.296689342      157.1
46.232018140      157.2
47.379954648      157.3
48.244716553      157.4
49.419319728      158.1
50.497414966      158.2
51.587845805      158.3
52.703854875      158.4
53.930158730      159.1
54.850975056      159.2
55.971700680      159.3
57.162811791      159.4
58.510294784      160.1
59.360725623      160.2
60.372244898      160.3
61.236462585      160.4
62.357551020      161.1
63.324081632      161.2
64.228208616      161.3
65.049614512      161.4
66.007256236      162.1
66.952018140      162.2
67.931065759      162.3
68.696598639      162.4
69.861950113      163.1
70.815419501      163.2
71.744217687      163.3
72.466938775      163.4
73.619229025      164.1
74.562539682      164.2
75.392653061      164.3
76.238730158      164.4
77.192018140      165.1
78.083446712      165.2
78.832653061      165.3
79.737142857      165.4
80.636009070      166.1
81.561541950      166.2
82.414875283      166.3
83.124716553      166.4
84.036462585      167.1
84.924444444      167.2
85.865034013      167.3
86.734875283      167.4
87.512018140      168.1
88.183764172      168.2
88.837732426      168.3
89.522811791      168.4
90.343764172      169.1
91.067936508      169.2
91.812970521      169.3
92.487256236      169.4
93.241541950      170.1
93.967891156      170.2
94.573605442      170.3
95.235215419      170.4
95.925351474      171.1
96.589569161      171.2
97.222494331      171.3
97.851065759      171.4
98.585034013      172.1
99.237006802      172.2
99.824761904      172.3
100.461836734      172.4
101.011700680      173.1
101.631383220      173.2
102.250521542      173.3
102.800000000      173.4
103.432925170      174.1
103.994013605      174.2
104.558367347      174.3
105.060680272      174.4
105.577687075      175.1
106.231292517      175.2
106.827210884      175.3
107.387755102      175.4
107.931972789      176.1
108.422312925      176.2
109.051972789      176.3
109.580952381      176.4
110.105578231      177.1
110.677006802      177.2
111.178775510      177.3
111.773605442      177.4
112.309115646      178.1
112.881678004      178.2
113.454149660      178.3
114.061496598      178.4
114.599183673      179.1
115.165170068      179.2
115.752925170      179.3
116.292063492      179.4
116.992290249      180.1
117.568117914      180.2
118.142403628      180.3
118.625668934      180.4
119.292517006      181.1
119.808435374      181.2
120.399818594      181.3
121.110929705      181.4
121.627573696      182.1
122.247437641      182.2
122.866031746      182.3
123.346757369      182.4
124.004353741      183.1
124.478730158      183.2
125.096417233      183.3
125.576235827      183.4
126.207528344      184.1
126.973968254      184.2
127.648117914      184.3
128.323628118      184.4
129.096054421      185.1
129.863401360      185.2
130.704671201      185.3
131.547573696      185.4
132.546757369      186.1
133.223038548      186.2
134.033560090      186.3
134.891972789      186.4
135.763446712      187.1
136.689160997      187.2
137.466485260      187.3
138.308934240      187.4
139.196371882      188.1
139.996462585      188.2
140.896054421      188.3
141.603809523      188.4
142.443809523      189.1
143.380952381      189.2
144.165759637      189.3
144.951564626      189.4
145.835646258      190.1
146.584852607      190.2
147.314467120      190.3
148.045170068      190.4
148.639002267      191.1
149.461859410      191.2
150.039002267      191.3
150.743129251      191.4
151.403446712      192.1
151.982494331      192.2
152.681541950      192.3
153.358367347      192.4
154.001541950      193.1
154.587573696      193.2
155.212970521      193.3
155.814875283      193.4
156.470113378      194.1
157.037097505      194.2
157.622494331      194.3
158.243628118      194.4
158.856780045      195.1
159.428208616      195.2
160.034557823      195.3
160.572970521      195.4
161.437732426      196.1
162.344399093      196.2
163.154648526      196.3
164.045351474      196.4
165.382494331      197.1
166.221224489      197.2
166.996507936      197.3
167.772970521      197.4
168.639637188      198.1
169.256961451      198.2
169.910929705      198.3
170.524081632      198.4
171.261496598      199.1
171.831111111      199.2
172.426122449      199.3
172.977596372      199.4
173.549024943      200.1
174.124988662      200.2
174.765215419      200.3
175.404897959      200.4
175.924897959      201.1
176.532244898      201.2
177.242448979      201.3
177.909115646      201.4
178.822494331      202.1
179.440861678      202.2
180.059523809      202.3
180.677664399      202.4
181.296417233      203.1
181.914580499      203.2
182.533287982      203.3
183.153900226      203.4
183.773968254      204.1
184.446984127      204.2
185.115850340      204.3
185.785759637      204.4
186.471020408      205.1
187.155192743      205.2
187.856462585      205.3
188.557641723      205.4
189.264217687      206.1
189.894421768      206.2
190.704217687      206.3
191.451156462      206.4
192.250612245      207.1
192.857687075      207.2
193.532789115      207.3
194.352380952      207.4
195.065714285      208.1
195.779319728      208.2
196.475011338      208.3
197.169160997      208.4
198.027936508      209.1
198.750839002      209.2
199.424761904      209.3
200.334149660      209.4
200.953469387      210.1
201.774149660      210.2
202.432471655      210.3
203.198503401      210.4
203.964897959      211.1
204.729977324      211.2
205.558049886      211.3
206.385668934      211.4
206.950748299      212.1
207.592199546      212.2
208.246530612      212.3
208.814149660      212.4
209.480272109      213.1
210.301678004      213.2
210.973061224      213.3
211.635374149      213.4
212.316734694      214.1
213.038730158      214.2
213.626485260      214.3
214.294058957      214.4
214.894875283      215.1
215.477732426      215.2
216.030748299      215.3
216.697414966      215.4
217.284081632      216.1
218.085351474      216.2
218.881723356      216.3
219.677732426      216.4
220.495238095      217.1
221.226122449      217.2
221.762176870      217.3
222.473287982      217.4
223.239546485      218.1
223.788117914      218.2
224.537482993      218.3
225.086984127      218.4
225.838004535      219.1
226.448072562      219.2
227.054875283      219.3
227.715192743      219.4
228.486167800      220.1
229.231020408      220.2
229.923265306      220.3
230.785306122      220.4
231.942857143      221.1
232.692970521      221.2
233.451428571      221.3
234.378594104      221.4
235.149931972      222.1
236.078730158      222.2
237.032199546      222.3
237.818775510      222.4
238.801995465      223.1
239.603083900      223.2
240.385668934      223.3
241.168253968      223.4
241.922176870      224.1
242.721360544      224.2
243.510748299      224.3
244.256870748      224.4
244.945034013      225.1
245.518095238      225.2
246.305850340      225.3
247.022585034      225.4
247.736870748      226.1
248.488707483      226.2
249.198775510      226.3
249.908299319      226.4
250.691156462      227.1
251.395238095      227.2
252.098503401      227.3
252.794965986      227.4
253.492789115      228.1
254.046621315      228.2
254.747573696      228.3
255.434013605      228.4
256.064217687      229.1
256.876009070      229.2
257.616598639      229.3
258.245623582      229.4
258.972154195      230.1
259.717278911      230.2
260.351292517      230.3
261.004353741      230.4
261.795283446      231.1
262.452879818      231.2
263.148571428      231.3
263.795918367      231.4
264.532244898      232.1
265.089160997      232.2
265.727256236      232.3
266.320907029      232.4
267.008435374      233.1
267.585306122      233.2
268.270566893      233.3
268.923628118      233.4
269.742222222      234.1
270.952199546      234.2
271.762086167      234.3
272.570340136      234.4
273.775238095      235.1
274.808707483      235.2
275.688707483      235.3
276.807619047      235.4
277.834739229      236.1
279.078458050      236.2
280.102312925      236.3
281.103673469      236.4
282.400362811      237.1
283.585306122      237.2
284.935102040      237.3
286.286077097      237.4
287.599818594      238.1
288.989387755      238.2
290.172426304      238.3
291.356734694      238.4
292.838820861      239.1
293.980589569      239.2
295.023129251      239.3
296.150748299      239.4
297.207256236      240.1
298.263764172      240.2
299.301541950      240.3
300.338503401      240.4
301.680544217      241.1
302.973968254      241.2
303.851972789      241.3
305.119727891      241.4
306.386575963      242.1
308.033197279      242.2
309.564807256      242.3
311.170340136      242.4
315.451428571      243.1
316.536462585      243.2
317.571156462      243.3
318.776009070      243.4
319.980680272      244.1
321.184580499      244.2
322.387301587      244.3
323.720272109      244.4
325.007324263      245.1
326.295056689      245.2
327.582585034      245.3
328.870748299      245.4
330.288072562      246.1
331.270385487      246.2
332.236621315      246.3
333.203446712      246.4
334.500136054      247.1
335.627392290      247.2
336.586666666      247.3
337.369433106      247.4
338.683718821      248.1
339.734421768      248.2
340.611156462      248.3
341.641541950      248.4
342.875102040      249.1
343.945442177      249.2
345.014784580      249.3
345.830022675      249.4
347.304217687      250.1
348.470748299      250.2
349.457687075      250.3
350.529795918      250.4
351.602653061      251.1
352.674240362      251.2
353.745850340      251.3
354.870340136      251.4
355.995283446      252.1
357.179863945      252.2
358.404353741      252.3
359.416961451      252.4
361.325170068      253.1
363.233741496      253.2
364.505034013      253.3
365.655510204      253.4
368.318367347      254.1
369.412970521      254.2
370.324716553      254.3
371.213605442      254.4
372.045351474      255.1
372.935510204      255.2
373.672018140      255.3
374.488526077      255.4
375.468843537      256.1
376.413242630      256.2
377.313922902      256.3
378.117732426      256.4
379.236462585      257.1
380.046621315      257.2
380.731065759      257.3
381.847256236      257.4
382.995192743      258.1
383.936507936      258.2
384.662494331      258.3
385.565351474      258.4
386.634376417      259.1
387.528344671      259.2
388.212970521      259.3
389.586938775      259.4
390.786938775      260.1
391.645532879      260.2
392.400907029      260.3
393.174240362      260.4
394.091065759      261.1
395.091700680      261.2
395.983129251      261.3
397.014240362      261.4
398.222040816      262.1
398.992653061      262.2
399.961541950      262.3
400.692970521      262.4
401.600907029      263.1
402.364081632      263.2
403.085351474      263.3
404.167256236      263.4
405.228843537      264.1
406.323446712      264.2
406.989387755      264.3
407.955918367      264.4
408.954557823      265.1
409.807891156      265.2
410.838367347      265.3
411.870113378      265.4
413.078004535      266.1
414.284988662      266.2
415.638639455      266.3
416.884897959      266.4
418.527709750      267.1
419.744943310      267.2
420.862403628      267.3
421.854693877      267.4
423.057414966      268.1
424.253605442      268.2
425.192562358      268.3
426.332698412      268.4
427.697777777      269.1
428.759909297      269.2
429.970793650      269.3
431.012063492      269.4
432.149478458      270.1
433.109115646      270.2
434.222947845      270.3
435.246077097      270.4
436.627482993      271.1
437.586213152      271.2
438.593922902      271.3
439.697777777      271.4
440.694603174      272.1
441.756734694      272.2
442.829750567      272.3
443.901859410      272.4
445.192562358      273.1
446.261043084      273.2
447.329523809      273.3
448.245623582      273.4
449.510022675      274.1
450.428843537      274.2
451.456507936      274.3
452.680816326      274.4
453.690521542      275.1
454.807981859      275.2
455.661496598      275.3
456.510249433      275.4
457.357641723      276.1
458.320907029      276.2
459.202993197      276.3
460.039319728      276.4
460.943809523      277.1
461.715736961      277.2
462.605986394      277.3
463.473922902      277.4
464.193287982      278.1
465.103764172      278.2
465.842176870      278.3
466.626303855      278.4
467.324081632      279.1
468.098684807      279.2
468.884081632      279.3
469.608526077      279.4
470.335714285      280.1
471.020408163      280.2
471.646621315      280.3
472.309115646      280.4
473.038367347      281.1
473.635555555      281.2
474.374240362      281.3
474.988843537      281.4
475.729705215      282.1
476.453877551      282.2
477.120000000      282.3
477.689614512      282.4
478.341950113      283.1
478.912290249      283.2
479.665487528      283.3
480.312743764      283.4
480.879455782      284.1
481.597097505      284.2
482.299501133      284.3
483.043265306      284.4
483.758004535      285.1
484.341405895      285.2
485.013333333      285.3
485.775192743      285.4
486.445714285      286.1
487.102403628      286.2
487.649523809      286.3
488.506485260      286.4
489.116734694      287.1
489.662403628      287.2
490.296780045      287.3
490.799637188      287.4
491.476462585      288.1
492.190113378      288.2
492.795827664      288.3
493.354557823      288.4
494.052970521      289.1
494.800544217      289.2
495.306122449      289.3
495.939591836      289.4
496.587210884      290.1
497.266938775      290.2
497.927619047      290.3
498.568163265      290.4
499.335510204      291.1
500.125170068      291.2
500.760816326      291.3
501.337414966      291.4
502.087256236      292.1
502.563446712      292.2
503.307573696      292.3
503.906938775      292.4
504.515827664      293.1
505.089160997      293.2
505.623129251      293.3
506.125986394      293.4
506.629478458      294.1
507.215510204      294.2
507.775510204      294.3
508.463673469      294.4
509.000907029      295.1
509.433287982      295.2
510.110476190      295.3
510.787573696      295.4
511.599002267      296.1
512.358095238      296.2
512.920793650      296.3
513.484625850      296.4
514.105034013      297.1
514.586553288      297.2
515.068299319      297.3
515.578684807      297.4
516.105034013      298.1
516.726621315      298.2
517.268435374      298.3
517.808526077      298.4
518.380136054      299.1
518.918911564      299.2
519.485918367      299.3
520.054421768      299.4
520.630748299      300.1
521.176145124      300.2
521.701360544      300.3
522.227573696      300.4
522.774875283      301.1
523.370340136      301.2
523.861950113      301.3
524.348117914      301.4
524.846984127      302.1
525.391201814      302.2
525.916371882      302.3
526.460589569      302.4
526.956734694      303.1
527.502766440      303.2
528.111383220      303.3
528.713650793      303.4
529.500952381      304.1
530.202086167      304.2
531.174693877      304.3
532.148571428      304.4
533.105850340      305.1
534.023401360      305.2
535.082993197      305.3
536.039274376      305.4
536.994829932      306.1
537.747664399      306.2
538.620226757      306.3
539.441995465      306.4
540.459682539      307.1
541.476462585      307.2
542.540408163      307.3
543.990748299      307.4
545.233378684      308.1
546.883265306      308.2
548.105442177      308.3
549.327891156      308.4
550.948299319      309.1
552.031564626      309.2
552.994829932      309.3
553.958911564      309.4
554.843809523      310.1
555.713197279      310.2
556.349387755      310.3
556.915918367      310.4
557.567074830      311.1
558.138503401      311.2
558.666666666      311.3
559.216054421      311.4
559.749115646      312.1
560.242176870      312.2
560.794013605      312.3
561.365442177      312.4
561.795646258      313.1
562.309115646      313.2
562.790748299      313.3
563.239727891      313.4
563.709115646      314.1
564.216870748      314.2
564.732789115      314.3
565.342562358      314.4
565.951746031      315.1
566.561043084      315.2
567.170907029      315.3
567.780317460      315.4
568.390748299      316.1
569.005918367      316.2
569.620952381      316.3
570.236485260      316.4
570.852426304      317.1
571.542857143      317.2
572.174217687      317.3
572.806530612      317.4
573.504399093      318.1
574.266848072      318.2
575.029387755      318.3
575.791746031      318.4
576.553287982      319.1
577.236462585      319.2
578.028775510      319.3
578.821768707      319.4
579.578775510      320.1
580.311836734      320.2
581.045079365      320.3
581.779591836      320.4
582.743945578      321.1
583.534875283      321.2
584.274693877      321.3
585.012970521      321.4
585.742585034      322.1
586.470748299      322.2
587.247891156      322.3
587.948299319      322.4
588.985034013      323.1
589.722993197      323.2
590.524081632      323.3
591.326258503      323.4
592.249614512      324.1
592.959274376      324.2
593.799546485      324.3
594.635464852      324.4
595.514920635      325.1
596.233287982      325.2
597.176598639      325.3
597.945759637      325.4
598.764263038      326.1
599.517460317      326.2
600.408526077      326.3
601.170430839      326.4
602.361904762      327.1
603.035283446      327.2
603.905623582      327.3
604.776780045      327.4
605.699047619      328.1
606.503401360      328.2
607.301587301      328.3
608.100136054      328.4
609.020952381      329.1
