0.000000000       13.1
1.137777777       13.2
2.393287981       13.3
3.314285714       13.4
4.574331065       14.1
5.842902494       14.2
6.849886621       14.3
8.010884353       14.4
9.399365079       15.1
10.472199546       15.2
11.630476190       15.3
12.775691610       15.4
13.875192743       16.1
15.027482993       16.2
16.021768707       16.3
16.770612244       16.4
18.274104308       17.1
19.458321995       17.2
20.433560090       17.3
21.873197278       17.4
23.312834467       17.5
24.665396825       17.6
27.028027210       18.1
28.096145124       18.2
28.962358276       18.3
30.060045351       18.4
31.045079365       19.1
31.973877551       19.2
32.902675737       19.3
34.017233560       19.4
35.355102040       20.1
36.306031746       20.2
37.092244898       20.3
38.241451247       20.4
39.026938775       21.1
40.525351473       21.2
41.179138322       21.3
42.325623582       21.4
43.467755102       22.1
44.559092970       22.2
45.418231292       22.3
46.788208616       22.4
47.919455782       23.1
48.599365079       23.2
49.876462585       23.3
51.003537415       23.4
52.119183673       24.1
53.289795918       24.2
54.778049886       24.3
55.777868480       24.4
57.332335600       25.1
58.420226757       25.2
59.094784580       25.3
60.994467120       25.4
62.092335600       26.1
63.168798186       26.2
64.729795918       26.3
65.556825396       26.4
66.889977324       26.5
67.976235827       26.6
69.149024943       27.1
69.955918367       27.2
71.349115646       27.3
71.601995464       27.4
72.539138322       28.1
73.644988662       28.2
74.669569161       28.3
75.460317460       28.4
76.277551020       29.1
77.601088435       29.2
78.383401360       29.3
79.387573696       29.4
80.108843537       30.1
81.293061224       30.2
82.175419501       30.3
83.030204081       30.4
84.079455782       31.1
84.868934240       31.2
85.937052154       31.3
86.889070294       31.4
88.328707483       32.1
88.560907029       32.2
89.930884353       32.3
90.581043083       32.4
91.393741496       33.1
92.178321995       33.2
93.091700680       33.3
93.762176870       33.4
94.899954648       34.1
95.552471655       34.2
96.605011337       34.3
97.779229025       34.4
98.429387755       35.1
99.520725623       35.2
100.356643991       35.3
101.215782312       35.4
102.395646258       36.1
103.375238095       36.2
103.909297052       36.3
105.104081632       36.4
105.975873015       37.1
106.616961451       37.2
107.740589569       37.3
108.573242630       37.4
109.608412698       38.1
110.526984127       38.2
111.668571428       38.3
112.493061224       38.4
113.684897959       39.1
115.179682539       39.2
116.215873015       39.3
117.415328798       39.4
118.381133786       40.1
119.492789115       40.2
120.465124716       40.3
121.016961451       40.4
122.125260771       41.1
123.246802721       41.2
124.505396825       41.3
125.286167800       41.4
126.479092970       42.1
127.315011337       42.2
128.383129251       42.3
129.613786848       42.4
130.658684807       43.1
131.343582766       43.2
132.364988662       43.3
133.277823129       43.4
134.579523809       44.1
135.648616780       44.2
136.579773242       44.3
137.833650793       44.4
138.877823129       45.1
140.162902494       45.2
141.386303854       45.3
142.563106576       45.4
143.406439909       46.1
144.103038548       46.2
145.905487528       46.3
146.730521542       46.4
148.514829932       46.5
150.389841269       46.6
151.875918367       47.1
152.688616780       47.2
153.558639455       47.3
154.282448979       47.4
155.439455782       48.1
156.363174603       48.2
157.222312925       48.3
158.203356009       48.4
159.196009070       49.1
159.985487528       49.2
160.798185941       49.3
161.918185941       49.4
162.849160997       50.1
