0.000000000       50.1
0.828299320       50.2
1.966077098       50.3
2.667029479       50.4
3.656054422       51.1
4.593560091       51.2
5.315555556       51.3
6.117732427       51.4
6.958367347       52.1
8.224580499       52.2
8.862403628       52.3
9.671111111       52.4
10.789659864       53.1
11.741678005       53.2
13.003537415       53.3
13.901133787       53.4
15.294331066       54.1
15.989297052       54.2
17.035827665       54.3
18.095963719       54.4
18.962358277       55.1
19.915102041       55.2
20.537687075       55.3
21.424399093       55.4
22.450430839       56.1
23.351655329       56.2
24.179954649       56.3
25.069931973       56.4
26.180136055       57.1
27.333877551       57.2
28.542403628       57.3
29.342403628       57.4
31.026213152       58.1
31.896598640       58.2
32.575782313       58.3
33.707755102       58.4
34.560000000       59.1
35.542131520       59.2
36.401269842       59.3
37.213968254       59.4
38.119546486       60.1
39.023673470       60.2
40.194104309       60.3
40.837006803       60.4
41.741859411       61.1
42.640181406       61.2
43.344036281       61.3
44.268480726       61.4
45.433832200       62.1
46.406530613       62.2
47.475374150       62.3
48.228571429       62.4
49.446530613       63.1
50.426122449       63.2
51.424580499       63.3
52.492698413       63.4
54.071655329       64.1
54.954013606       64.2
56.138231293       64.3
57.090249433       64.4
58.204807257       65.1
59.358185941       65.2
60.255782313       65.3
60.898321996       65.4
61.966439910       66.1
63.009886622       66.2
63.857414966       66.3
64.889977325       66.4
66.401451247       67.1
67.742380953       67.2
68.607346939       67.3
69.401179139       67.4
70.488163266       68.1
71.218140590       68.2
72.322539683       68.3
73.125079365       68.4
74.373877551       69.1
75.349115647       69.2
76.244535148       69.3
77.152290250       69.4
78.027392291       70.1
79.079546486       70.2
80.147664399       70.3
81.163560091       70.4
82.910839003       71.1
83.645170068       71.2
84.536235828       71.3
85.650793651       71.4
86.718911565       72.1
87.749297052       72.2
88.553287982       72.3
89.412426304       72.4
90.405079365       73.1
91.757641724       73.2
92.872199547       73.3
93.615238096       73.4
94.845895692       74.1
95.968798186       74.2
97.113832200       74.3
98.050249433       74.4
99.095147393       75.1
99.838185941       75.2
100.883083901       75.3
101.742222223       75.4
102.880000000       76.1
103.808798186       76.2
105.318095238       76.3
106.804172336       77.1
108.052244898       77.2
108.938435374       77.3
110.078185941       77.4
111.370521542       78.1
112.640000000       78.2
114.025578232       78.3
114.900317461       78.4
116.629319728       79.1
117.740770975       79.2
120.318185941       80.1
120.712925170       80.2
121.966802721       80.3
122.563990930       80.4
123.406439910       81.1
124.014512472       81.2
124.737959184       81.3
125.384852608       81.4
126.192834467       82.1
126.803809524       82.2
127.353832200       82.3
128.158911565       82.4
129.073197279       83.1
129.959365080       83.2
130.743945579       83.3
131.278004535       83.4
131.932063492       84.1
132.439546486       84.2
133.324263039       84.3
133.988934241       84.4
134.644897959       85.1
135.319002268       85.2
136.061315193       85.3
136.743401361       85.4
137.617052155       86.1
138.174331066       86.2
138.894149660       86.3
139.514920635       86.4
140.194467120       87.1
140.682086168       87.2
141.425124717       87.3
142.098503402       87.4
142.947845805       88.1
143.468480726       88.2
144.286054422       88.3
144.645034014       88.4
145.212902495       89.1
146.069115647       89.2
146.579954649       89.3
147.650612245       89.4
147.833832200       90.1
