0.000000000      100.1
0.658503401      100.2
1.278548753      100.3
1.719727891      100.4
2.447709751      101.1
2.915555556      101.2
3.461224490      101.3
3.972063492      101.4
4.534058957      102.1
5.150476191      102.2
5.481360544      102.3
6.108299320      102.4
6.422857143      103.1
6.990657596      103.2
7.547936508      103.3
8.105215420      103.4
8.626235828      104.1
9.080453515      104.2
9.662403628      104.3
10.181950114      104.4
10.648526077      105.1
11.123809524      105.2
11.657868481      105.3
12.099047619      105.4
12.424126984      106.1
13.422585034      106.2
13.961655329      106.3
14.282312925      106.4
15.160113379      107.1
16.208979592      107.2
16.626938776      107.3
17.305895692      107.4
17.904036281      108.1
