0.000000000      210.1
0.820680273      210.2
1.479002268      210.3
2.245034014      210.4
3.011428572      211.1
3.776507937      211.2
4.604580499      211.3
5.432199547      211.4
5.997278912      212.1
6.638730159      212.2
7.293061225      212.3
7.860680273      212.4
8.526802722      213.1
9.348208617      213.2
10.019591837      213.3
10.681904762      213.4
11.363265307      214.1
12.085260771      214.2
12.673015873      214.3
13.340589570      214.4
13.941405896      215.1
14.524263039      215.2
15.077278912      215.3
15.743945579      215.4
16.330612245      216.1
17.131882087      216.2
17.928253969      216.3
18.724263039      216.4
19.541768708      217.1
20.272653062      217.2
20.808707483      217.3
21.519818595      217.4
22.286077098      218.1
22.834648527      218.2
23.584013606      218.3
24.133514740      218.4
24.884535148      219.1
25.494603175      219.2
26.101405896      219.3
26.761723356      219.4
27.532698413      220.1
28.277551021      220.2
28.969795919      220.3
29.831836735      220.4
30.989387756      221.1
31.739501134      221.2
32.497959184      221.3
33.425124717      221.4
34.196462585      222.1
35.125260771      222.2
36.078730159      222.3
36.865306123      222.4
37.848526078      223.1
38.649614513      223.2
39.432199547      223.3
40.214784581      223.4
40.968707483      224.1
41.767891157      224.2
42.557278912      224.3
43.303401361      224.4
43.991564626      225.1
44.564625851      225.2
45.352380953      225.3
46.069115647      225.4
46.783401361      226.1
47.535238096      226.2
48.245306123      226.3
48.954829932      226.4
49.737687075      227.1
50.441768708      227.2
51.145034014      227.3
51.841496599      227.4
52.539319728      228.1
53.093151928      228.2
53.794104309      228.3
54.480544218      228.4
55.110748300      229.1
55.922539683      229.2
56.663129252      229.3
57.292154195      229.4
58.018684808      230.1
58.763809524      230.2
59.397823130      230.3
60.050884354      230.4
60.841814059      231.1
61.499410431      231.2
62.195102041      231.3
62.842448980      231.4
63.578775511      232.1
64.135691610      232.2
64.773786849      232.3
65.367437642      232.4
66.054965987      233.1
66.631836735      233.2
67.317097506      233.3
67.970158731      233.4
68.788752835      234.1
69.998730159      234.2
70.808616780      234.3
71.616870749      234.4
72.821768708      235.1
73.855238096      235.2
74.735238096      235.3
75.854149660      235.4
76.881269842      236.1
78.124988663      236.2
79.148843538      236.3
80.150204082      236.4
81.446893424      237.1
82.631836735      237.2
83.981632653      237.3
85.332607710      237.4
86.646349207      238.1
88.035918368      238.2
89.218956917      238.3
90.403265307      238.4
91.885351474      239.1
93.027120182      239.2
94.069659864      239.3
95.197278912      239.4
96.253786849      240.1
97.310294785      240.2
98.348072563      240.3
99.385034014      240.4
100.727074830      241.1
102.020498867      241.2
102.898503402      241.3
104.166258504      241.4
105.433106576      242.1
107.079727892      242.2
108.611337869      242.3
110.216870749      242.4
114.497959184      243.1
115.582993198      243.2
116.617687075      243.3
117.822539683      243.4
119.027210885      244.1
120.231111112      244.2
121.433832200      244.3
122.766802722      244.4
124.053854876      245.1
125.341587302      245.2
126.629115647      245.3
127.917278912      245.4
129.334603175      246.1
130.316916100      246.2
131.283151928      246.3
132.249977325      246.4
133.546666667      247.1
134.673922903      247.2
135.633197279      247.3
136.415963719      247.4
137.730249434      248.1
138.780952381      248.2
139.657687075      248.3
140.688072563      248.4
141.921632653      249.1
142.991972790      249.2
144.061315193      249.3
144.876553288      249.4
146.350748300      250.1
147.517278912      250.2
148.504217688      250.3
149.576326531      250.4
150.649183674      251.1
151.720770975      251.2
152.792380953      251.3
153.916870749      251.4
155.041814059      252.1
156.226394558      252.2
157.450884354      252.3
158.463492064      252.4
160.371700681      253.1
162.280272109      253.2
163.551564626      253.3
164.702040817      253.4
167.364897960      254.1
168.459501134      254.2
169.371247166      254.3
170.260136055      254.4
171.091882087      255.1
171.982040817      255.2
172.718548753      255.3
173.535056690      255.4
174.515374150      256.1
175.459773243      256.2
176.360453515      256.3
177.164263039      256.4
178.282993198      257.1
179.093151928      257.2
179.777596372      257.3
180.893786849      257.4
182.041723356      258.1
182.983038549      258.2
183.709024944      258.3
184.611882087      258.4
185.680907030      259.1
186.574875284      259.2
187.259501134      259.3
188.633469388      259.4
189.833469388      260.1
190.692063492      260.2
191.447437642      260.3
192.220770975      260.4
193.137596372      261.1
194.138231293      261.2
195.029659864      261.3
196.060770975      261.4
197.268571429      262.1
198.039183674      262.2
199.008072563      262.3
199.739501134      262.4
200.647437642      263.1
201.410612245      263.2
202.131882087      263.3
203.213786849      263.4
204.275374150      264.1
205.369977325      264.2
206.035918368      264.3
207.002448980      264.4
208.001088436      265.1
208.854421769      265.2
209.884897960      265.3
210.916643991      265.4
212.124535148      266.1
213.331519275      266.2
214.685170068      266.3
215.931428572      266.4
217.574240363      267.1
218.791473923      267.2
219.908934241      267.3
220.901224490      267.4
222.103945579      268.1
223.300136055      268.2
224.239092971      268.3
225.379229025      268.4
226.744308390      269.1
227.806439910      269.2
229.017324263      269.3
230.058594105      269.4
231.196009071      270.1
232.155646259      270.2
233.269478458      270.3
234.292607710      270.4
235.674013606      271.1
236.632743765      271.2
237.640453515      271.3
238.744308390      271.4
239.741133787      272.1
240.803265307      272.2
241.876281180      272.3
242.948390023      272.4
244.239092971      273.1
245.307573697      273.2
246.376054422      273.3
247.292154195      273.4
248.556553288      274.1
249.475374150      274.2
250.503038549      274.3
251.727346939      274.4
252.737052155      275.1
253.854512472      275.2
254.708027211      275.3
255.556780046      275.4
256.404172336      276.1
257.367437642      276.2
258.249523810      276.3
259.085850341      276.4
259.990340136      277.1
260.762267574      277.2
261.652517007      277.3
262.520453515      277.4
263.239818595      278.1
264.150294785      278.2
264.888707483      278.3
265.672834468      278.4
266.370612245      279.1
267.145215420      279.2
267.930612245      279.3
268.655056690      279.4
269.382244898      280.1
270.066938776      280.2
270.693151928      280.3
271.355646259      280.4
272.084897960      281.1
272.682086168      281.2
273.420770975      281.3
274.035374150      281.4
274.776235828      282.1
275.500408164      282.2
276.166530613      282.3
276.736145125      282.4
277.388480726      283.1
277.958820862      283.2
278.712018141      283.3
279.359274377      283.4
279.925986395      284.1
280.643628118      284.2
281.346031746      284.3
282.089795919      284.4
282.804535148      285.1
283.387936508      285.2
284.059863946      285.3
284.821723356      285.4
285.492244898      286.1
286.148934241      286.2
286.696054422      286.3
287.553015873      286.4
288.163265307      287.1
288.708934241      287.2
289.343310658      287.3
289.846167801      287.4
290.522993198      288.1
291.236643991      288.2
291.842358277      288.3
292.401088436      288.4
293.099501134      289.1
293.847074830      289.2
294.352653062      289.3
294.986122449      289.4
295.633741497      290.1
