1.160997732	1.1
2.271927438	1.2
3.482993197	1.3
4.362539683	1.4
5.178049887	2.1
6.271564626	2.2
7.066848073	2.3
8.521723356	2.4
9.032562358	3.1
9.904580499	3.2
10.809546485	3.3
11.551927438	3.4
12.470929705	4.1
13.320634921	4.2
13.676553288	4.3
15.446530612	4.4
16.579047619	5.1
17.438185941	5.2
18.227664399	5.3
19.481541950	5.4
20.549659864	6.1
21.408798186	6.2
22.244716553	6.3
23.382494331	6.4
25.414965986	7.1
26.308208617	7.2
26.981587302	7.3
28.096145125	7.4
29.501678005	8.1
30.511020408	8.2
31.300498866	8.3
32.113197279	8.4
32.998095238	9.1
34.342312925	9.2
35.108571429	9.3
36.287709751	9.4
37.115283447	10.1
38.289705215	10.2
39.207619048	10.3
40.356281179	10.4
41.563718821	11.1
42.559274376	11.2
43.560634921	11.3
44.768072562	11.4
45.940680272	12.1
46.771882086	12.2
48.042086168	12.3
49.042176871	12.4
50.039002268	13.1
51.176780045	13.2
52.432290249	13.3
53.353287982	13.4
54.613333333	14.1
55.881904762	14.2
56.888888889	14.3
58.049886621	14.4
59.438367347	15.1
60.511201814	15.2
61.669478458	15.3
62.814693878	15.4
63.914195011	16.1
65.066485261	16.2
66.060770975	16.3
66.809614512	16.4
68.313106576	17.1
69.497324263	17.2
70.472562358	17.3
71.912199546	17.4
73.351836735	17.5
74.704399093	17.6
77.067029478	18.1
78.135147392	18.2
79.001360544	18.3
80.099047619	18.4
81.084081633	19.1
82.012879819	19.2
82.941678005	19.3
84.056235828	19.4
85.394104308	20.1
86.345034014	20.2
87.131247166	20.3
88.280453515	20.4
89.065941043	21.1
90.564353741	21.2
91.218140590	21.3
92.364625850	21.4
93.506757370	22.1
94.598095238	22.2
95.457233560	22.3
96.827210884	22.4
97.958458050	23.1
98.638367347	23.2
99.915464853	23.3
101.042539683	23.4
102.158185941	24.1
103.328798186	24.2
104.817052154	24.3
105.816870748	24.4
107.371337868	25.1
108.459229025	25.2
109.133786848	25.3
111.033469388	25.4
112.131337868	26.1
113.207800454	26.2
114.768798186	26.3
115.595827664	26.4
116.928979592	26.5
118.015238095	26.6
119.188027211	27.1
119.994920635	27.2
121.388117914	27.3
121.640997732	27.4
122.578140590	28.1
123.683990930	28.2
124.708571429	28.3
125.499319728	28.4
126.316553288	29.1
127.640090703	29.2
128.422403628	29.3
129.426575964	29.4
130.147845805	30.1
131.332063492	30.2
132.214421769	30.3
133.069206349	30.4
134.118458050	31.1
134.907936508	31.2
135.976054422	31.3
136.928072562	31.4
138.367709751	32.1
138.599909297	32.2
139.969886621	32.3
140.620045351	32.4
141.432743764	33.1
142.217324263	33.2
143.130702948	33.3
143.801179138	33.4
144.938956916	34.1
145.591473923	34.2
146.644013605	34.3
147.818231293	34.4
148.468390023	35.1
149.559727891	35.2
150.395646259	35.3
151.254784580	35.4
152.434648526	36.1
153.414240363	36.2
153.948299320	36.3
155.143083900	36.4
156.014875283	37.1
156.655963719	37.2
157.779591837	37.3
158.612244898	37.4
159.647414966	38.1
160.565986395	38.2
161.707573696	38.3
162.532063492	38.4
163.723900227	39.1
165.218684807	39.2
166.254875283	39.3
167.454331066	39.4
168.420136054	40.1
169.531791383	40.2
170.504126984	40.3
171.055963719	40.4
172.164263039	41.1
173.285804989	41.2
174.544399093	41.3
175.325170068	41.4
176.518095238	42.1
177.354013605	42.2
178.422131519	42.3
179.652789116	42.4
180.697687075	43.1
181.382585034	43.2
182.403990930	43.3
183.316825397	43.4
184.618526077	44.1
185.687619048	44.2
186.618775510	44.3
187.872653061	44.4
188.916825397	45.1
190.201904762	45.2
191.425306122	45.3
192.602108844	45.4
193.445442177	46.1
194.142040816	46.2
195.944489796	46.3
196.769523810	46.4
198.553832200	46.5
200.428843537	46.6
201.914920635	47.1
202.727619048	47.2
203.597641723	47.3
204.321451247	47.4
205.478458050	48.1
206.402176871	48.2
207.261315193	48.3
208.242358277	48.4
209.235011338	49.1
210.024489796	49.2
210.837188209	49.3
211.957188209	49.4
212.888163265	50.1
213.716462585	50.2
214.854240363	50.3
215.555192744	50.4
216.544217687	51.1
217.481723356	51.2
218.203718821	51.3
219.005895692	51.4
219.846530612	52.1
221.112743764	52.2
221.750566893	52.3
222.559274376	52.4
223.677823129	53.1
224.629841270	53.2
225.891700680	53.3
226.789297052	53.4
228.182494331	54.1
228.877460317	54.2
229.923990930	54.3
230.984126984	54.4
231.850521542	55.1
232.803265306	55.2
233.425850340	55.3
234.312562358	55.4
235.338594104	56.1
236.239818594	56.2
237.068117914	56.3
237.958095238	56.4
239.068299320	57.1
240.222040816	57.2
241.430566893	57.3
242.230566893	57.4
243.914376417	58.1
244.784761905	58.2
245.463945578	58.3
246.595918367	58.4
247.448163265	59.1
248.430294785	59.2
249.289433107	59.3
250.102131519	59.4
251.007709751	60.1
251.911836735	60.2
253.082267574	60.3
253.725170068	60.4
254.630022676	61.1
255.528344671	61.2
256.232199546	61.3
257.156643991	61.4
258.321995465	62.1
259.294693878	62.2
260.363537415	62.3
261.116734694	62.4
262.334693878	63.1
263.314285714	63.2
264.312743764	63.3
265.380861678	63.4
266.959818594	64.1
267.842176871	64.2
269.026394558	64.3
269.978412698	64.4
271.092970522	65.1
272.246349206	65.2
273.143945578	65.3
273.786485261	65.4
274.854603175	66.1
275.898049887	66.2
276.745578231	66.3
277.778140590	66.4
279.289614512	67.1
280.630544218	67.2
281.495510204	67.3
282.289342404	67.4
283.376326531	68.1
284.106303855	68.2
285.210702948	68.3
286.013242630	68.4
287.262040816	69.1
288.237278912	69.2
289.132698413	69.3
290.040453515	69.4
290.915555556	70.1
291.967709751	70.2
293.035827664	70.3
294.051723356	70.4
295.799002268	71.1
296.533333333	71.2
297.424399093	71.3
298.538956916	71.4
299.607074830	72.1
300.637460317	72.2
301.441451247	72.3
302.300589569	72.4
303.293242630	73.1
304.645804989	73.2
305.760362812	73.3
306.503401361	73.4
307.734058957	74.1
308.856961451	74.2
310.001995465	74.3
310.938412698	74.4
311.983310658	75.1
312.726349206	75.2
313.771247166	75.3
314.630385488	75.4
315.768163265	76.1
316.696961451	76.2
318.206258503	76.3
319.692335601	77.1
320.940408163	77.2
321.826598639	77.3
322.966349206	77.4
324.258684807	78.1
325.528163265	78.2
326.913741497	78.3
327.788480726	78.4
329.517482993	79.1
330.628934240	79.2
333.206349206	80.1
333.601088435	80.2
334.854965986	80.3
335.452154195	80.4
336.294603175	81.1
336.902675737	81.2
337.626122449	81.3
338.273015873	81.4
339.080997732	82.1
339.691972789	82.2
340.241995465	82.3
341.047074830	82.4
341.961360544	83.1
342.847528345	83.2
343.632108844	83.3
344.166167800	83.4
344.820226757	84.1
345.327709751	84.2
346.212426304	84.3
346.877097506	84.4
347.533061224	85.1
348.207165533	85.2
348.949478458	85.3
349.631564626	85.4
350.505215420	86.1
351.062494331	86.2
351.782312925	86.3
352.403083900	86.4
353.082630385	87.1
353.570249433	87.2
354.313287982	87.3
354.986666667	87.4
355.836009070	88.1
356.356643991	88.2
357.174217687	88.3
357.533197279	88.4
358.101065760	89.1
358.957278912	89.2
359.468117914	89.3
360.538775510	89.4
360.721995465	90.1
361.374693878	90.2
362.417052154	90.3
362.927891156	90.4
363.810249433	91.1
364.460408163	91.2
365.249886621	91.3
366.196825397	91.4
367.317732426	92.1
368.046643991	92.2
369.397278912	92.3
370.335056689	92.4
371.147755102	93.1
372.288435374	93.2
373.230294785	93.3
373.926870748	93.4
374.723628118	94.1
375.443446712	94.2
376.093605442	94.3
376.937505669	94.4
377.655147392	95.1
378.531700680	95.2
379.116553288	95.3
379.692698413	95.4
380.595374150	96.1
381.125079365	96.2
381.428412698	96.3
382.502312925	96.4
383.182947846	97.1
383.907120181	97.2
384.468027211	97.3
385.195827664	97.4
385.903310658	98.1
386.608095238	98.2
387.123083900	98.3
387.750022676	98.4
388.376961451	99.1
389.073560091	99.2
389.677278912	99.3
390.188117914	99.4
390.883265306	100.1
391.541768707	100.2
392.161814059	100.3
392.602993197	100.4
393.330975057	101.1
393.798820862	101.2
394.344489796	101.3
394.855328798	101.4
395.417324263	102.1
396.033741497	102.2
396.364625850	102.3
396.991564626	102.4
397.306122449	103.1
397.873922902	103.2
398.431201814	103.3
398.988480726	103.4
399.509501134	104.1
399.963718821	104.2
400.545668934	104.3
401.065215420	104.4
401.531791383	105.1
402.007074830	105.2
402.541133787	105.3
402.982312925	105.4
403.307392290	106.1
404.305850340	106.2
404.844920635	106.3
405.165578231	106.4
406.043378685	107.1
407.092244898	107.2
407.510204082	107.3
408.189160998	107.4
408.787301587	108.1
408.833741497	108.2
409.424671202	108.3
410.900317460	108.4
411.062857143	109.1
411.527256236	109.2
413.500952381	109.3
414.600907029	109.4
415.915827664	110.1
417.056371882	110.2
417.564444444	110.3
418.611791383	110.4
419.073741497	111.1
419.998185941	111.2
420.908117914	111.3
421.707029478	111.4
422.905034014	112.1
423.787392290	112.2
424.391111111	112.3
424.948390023	112.4
425.830748299	113.1
426.620226757	113.2
427.340045351	113.3
428.454603175	113.4
429.267301587	114.1
430.149659864	114.2
431.032018141	114.3
431.850136054	114.4
432.866394558	115.1
434.144036281	115.2
434.631088435	115.3
434.956190476	115.4
436.233287982	116.1
437.346371882	116.2
438.299863946	116.3
439.066122449	116.4
440.111020408	117.1
440.993378685	117.2
442.011609977	117.3
442.932426304	117.4
443.836734694	118.1
444.917551020	118.2
445.597392290	118.3
446.241088435	118.4
447.147120181	119.1
448.075464853	119.2
448.841723356	119.3
450.281360544	119.4
450.843628118	120.1
451.628117914	120.2
452.603356009	120.3
453.639274376	120.4
454.251972789	121.1
455.598730159	121.2
456.250340136	121.3
456.922267574	121.4
457.987482993	122.1
458.671950113	122.2
459.644081633	122.3
460.505963719	122.4
461.008979592	123.1
461.933424036	123.2
462.730748299	123.3
463.535600907	123.4
464.341043084	124.1
465.258231293	124.2
466.094149660	124.3
466.894875283	124.4
468.021405896	125.1
468.688616780	125.2
469.610158730	125.3
470.465306122	125.4
471.341859410	126.1
472.225691610	126.2
473.152290249	126.3
473.919274376	126.4
474.856417234	127.1
475.985850340	127.2
477.053968254	127.3
478.052426304	127.4
479.118344671	128.1
480.144058957	128.2
481.233560091	128.3
482.278458050	128.4
483.137596372	129.1
484.432834467	129.2
486.574149660	129.3
486.852789116	129.4
488.670566893	130.1
490.776961451	130.2
491.405170068	130.3
492.768072562	130.4
494.151111111	131.1
495.467392290	131.2
496.666122449	131.3
498.091247166	131.4
499.403174603	132.1
500.273922902	132.2
501.430566893	132.3
502.758458050	132.4
503.919455782	133.1
505.083356009	133.2
506.218208617	133.3
507.263129252	133.4
508.540226757	134.1
509.701224490	134.2
510.955102041	134.3
512.001451247	134.4
513.365623583	135.1
514.716734694	135.2
516.473378685	135.3
517.061950113	135.4
518.733083900	136.1
519.774331066	136.2
520.741972789	136.3
521.520181406	136.4
522.750839002	137.1
523.586757370	137.2
524.683900227	137.3
525.653333333	137.4
526.744671202	138.1
527.690907029	138.2
528.487596372	138.3
529.554285714	138.4
530.546961451	139.1
531.411882086	139.2
532.404512472	139.3
533.385578231	139.4
534.964535147	140.1
535.521836735	140.2
536.543492063	140.3
537.530340136	140.4
538.517188209	141.1
539.451791383	141.2
540.467664399	141.3
541.779614512	141.4
542.696439909	142.1
543.944829932	142.2
544.763356009	142.3
545.756009070	142.4
546.690612245	143.1
547.642630385	143.2
548.896507937	143.3
549.593106576	143.4
550.521904762	144.1
551.711904762	144.2
552.495600907	144.3
553.633378685	144.4
554.283537415	145.1
555.299387755	145.2
556.187573696	145.3
557.348571429	145.4
558.323809524	146.1
559.448526077	146.2
559.577687075	146.3
559.821496599	146.4
560.409251701	147.1
561.443990930	147.2
562.520816327	147.3
563.583129252	147.4
565.328979592	148.1
566.404353741	148.2
567.715555556	148.3
568.751746032	148.4
569.980952381	149.1
571.232653061	149.2
572.431746032	149.3
573.498412698	149.4
574.570158730	150.1
575.863945578	150.2
577.030748299	150.3
578.142040816	150.4
579.342585034	151.1
580.550748299	151.2
581.681632653	151.3
582.765714286	151.4
583.832380952	152.1
585.064489796	152.2
586.074920635	152.3
587.040000000	152.4
588.224217687	153.1
589.310476190	153.2
590.420317460	153.3
591.423129252	153.4
592.632925170	154.1
593.601269841	154.2
594.754285714	154.3
595.550476190	154.4
596.960000000	155.1
598.048253968	155.2
599.098412698	155.3
600.139863946	155.4
601.230476190	156.1
602.405079365	156.2
603.440000000	156.3
604.506666667	156.4
605.705941043	157.1
606.641269841	157.2
607.789206349	157.3
608.653968254	157.4
609.828571429	158.1
610.906666667	158.2
611.997097506	158.3
613.113106576	158.4
614.339410431	159.1
615.260226757	159.2
616.380952381	159.3
617.572063492	159.4
618.919546485	160.1
619.769977324	160.2
620.781496599	160.3
621.645714286	160.4
622.766802721	161.1
623.733333333	161.2
624.637460317	161.3
625.458866213	161.4
626.416507937	162.1
627.361269841	162.2
628.340317460	162.3
629.105850340	162.4
630.271201814	163.1
631.224671202	163.2
632.153469388	163.3
632.876190476	163.4
634.028480726	164.1
634.971791383	164.2
635.801904762	164.3
636.647981859	164.4
637.601269841	165.1
638.492698413	165.2
639.241904762	165.3
640.146394558	165.4
641.045260771	166.1
641.970793651	166.2
642.824126984	166.3
643.533968254	166.4
644.445714286	167.1
645.333696145	167.2
646.274285714	167.3
647.144126984	167.4
647.921269841	168.1
648.593015873	168.2
649.246984127	168.3
649.932063492	168.4
650.753015873	169.1
651.477188209	169.2
652.222222222	169.3
652.896507937	169.4
653.650793651	170.1
654.377142857	170.2
654.982857143	170.3
655.644467120	170.4
656.334603175	171.1
656.998820862	171.2
657.631746032	171.3
658.260317460	171.4
658.994285714	172.1
659.646258503	172.2
660.234013605	172.3
660.871088435	172.4
661.420952381	173.1
662.040634921	173.2
662.659773243	173.3
663.209251701	173.4
663.842176871	174.1
664.403265306	174.2
664.967619048	174.3
665.469931973	174.4
665.986938776	175.1
666.640544218	175.2
667.236462585	175.3
667.797006803	175.4
668.341224490	176.1
668.831564626	176.2
669.461224490	176.3
669.990204082	176.4
670.514829932	177.1
671.086258503	177.2
671.588027211	177.3
672.182857143	177.4
672.718367347	178.1
673.290929705	178.2
673.863401361	178.3
674.470748299	178.4
675.008435374	179.1
675.574421769	179.2
676.162176871	179.3
676.701315193	179.4
677.401541950	180.1
677.977369615	180.2
678.551655329	180.3
679.034920635	180.4
679.701768707	181.1
680.217687075	181.2
680.809070295	181.3
681.520181406	181.4
682.036825397	182.1
682.656689342	182.2
683.275283447	182.3
683.756009070	182.4
684.413605442	183.1
684.887981859	183.2
685.505668934	183.3
685.985487528	183.4
686.616780045	184.1
687.383219955	184.2
688.057369615	184.3
688.732879819	184.4
689.505306122	185.1
690.272653061	185.2
691.113922902	185.3
691.956825397	185.4
692.956009070	186.1
693.632290249	186.2
694.442811791	186.3
695.301224490	186.4
696.172698413	187.1
697.098412698	187.2
697.875736961	187.3
698.718185941	187.4
699.605623583	188.1
700.405714286	188.2
701.305306122	188.3
702.013061224	188.4
702.853061224	189.1
703.790204082	189.2
704.575011338	189.3
705.360816327	189.4
706.244897959	190.1
706.994104308	190.2
707.723718821	190.3
708.454421769	190.4
709.048253968	191.1
709.871111111	191.2
710.448253968	191.3
711.152380952	191.4
711.812698413	192.1
712.391746032	192.2
713.090793651	192.3
713.767619048	192.4
714.410793651	193.1
714.996825397	193.2
715.622222222	193.3
716.224126984	193.4
716.879365079	194.1
717.446349206	194.2
718.031746032	194.3
718.652879819	194.4
719.266031746	195.1
719.837460317	195.2
720.443809524	195.3
720.982222222	195.4
721.846984127	196.1
722.753650794	196.2
723.563900227	196.3
724.454603175	196.4
725.791746032	197.1
726.630476190	197.2
727.405759637	197.3
728.182222222	197.4
729.048888889	198.1
729.666213152	198.2
730.320181406	198.3
730.933333333	198.4
731.670748299	199.1
732.240362812	199.2
732.835374150	199.3
733.386848073	199.4
733.958276644	200.1
734.534240363	200.2
735.174467120	200.3
735.814149660	200.4
736.334149660	201.1
736.941496599	201.2
737.651700680	201.3
738.318367347	201.4
739.231746032	202.1
739.850113379	202.2
740.468775510	202.3
741.086916100	202.4
741.705668934	203.1
742.323832200	203.2
742.942539683	203.3
743.563151927	203.4
744.183219955	204.1
744.856235828	204.2
745.525102041	204.3
746.195011338	204.4
746.880272109	205.1
747.564444444	205.2
748.265714286	205.3
748.966893424	205.4
749.673469388	206.1
750.303673469	206.2
751.113469388	206.3
751.860408163	206.4
752.659863946	207.1
753.266938776	207.2
753.942040816	207.3
754.761632653	207.4
755.474965986	208.1
756.188571429	208.2
756.884263039	208.3
757.578412698	208.4
758.437188209	209.1
759.160090703	209.2
759.834013605	209.3
760.743401361	209.4
761.362721088	210.1
762.183401361	210.2
762.841723356	210.3
763.607755102	210.4
764.374149660	211.1
765.139229025	211.2
765.967301587	211.3
766.794920635	211.4
767.360000000	212.1
768.001451247	212.2
768.655782313	212.3
769.223401361	212.4
769.889523810	213.1
770.710929705	213.2
771.382312925	213.3
772.044625850	213.4
772.725986395	214.1
773.447981859	214.2
774.035736961	214.3
774.703310658	214.4
775.304126984	215.1
775.886984127	215.2
776.440000000	215.3
777.106666667	215.4
777.693333333	216.1
778.494603175	216.2
779.290975057	216.3
780.086984127	216.4
780.904489796	217.1
781.635374150	217.2
782.171428571	217.3
782.882539683	217.4
783.648798186	218.1
784.197369615	218.2
784.946734694	218.3
785.496235828	218.4
786.247256236	219.1
786.857324263	219.2
787.464126984	219.3
788.124444444	219.4
788.895419501	220.1
789.640272109	220.2
790.332517007	220.3
791.194557823	220.4
792.352108844	221.1
793.102222222	221.2
793.860680272	221.3
794.787845805	221.4
795.559183673	222.1
796.487981859	222.2
797.441451247	222.3
798.228027211	222.4
799.211247166	223.1
800.012335601	223.2
800.794920635	223.3
801.577505669	223.4
802.331428571	224.1
803.130612245	224.2
803.920000000	224.3
804.666122449	224.4
805.354285714	225.1
805.927346939	225.2
806.715102041	225.3
807.431836735	225.4
808.146122449	226.1
808.897959184	226.2
809.608027211	226.3
810.317551020	226.4
811.100408163	227.1
811.804489796	227.2
812.507755102	227.3
813.204217687	227.4
813.902040816	228.1
814.455873016	228.2
815.156825397	228.3
815.843265306	228.4
816.473469388	229.1
817.285260771	229.2
818.025850340	229.3
818.654875283	229.4
819.381405896	230.1
820.126530612	230.2
820.760544218	230.3
821.413605442	230.4
822.204535147	231.1
822.862131519	231.2
823.557823129	231.3
824.205170068	231.4
824.941496599	232.1
825.498412698	232.2
826.136507937	232.3
826.730158730	232.4
827.417687075	233.1
827.994557823	233.2
828.679818594	233.3
829.332879819	233.4
830.151473923	234.1
831.361451247	234.2
832.171337868	234.3
832.979591837	234.4
834.184489796	235.1
835.217959184	235.2
836.097959184	235.3
837.216870748	235.4
838.243990930	236.1
839.487709751	236.2
840.511564626	236.3
841.512925170	236.4
842.809614512	237.1
843.994557823	237.2
845.344353741	237.3
846.695328798	237.4
848.009070295	238.1
849.398639456	238.2
850.581678005	238.3
851.765986395	238.4
853.248072562	239.1
854.389841270	239.2
855.432380952	239.3
856.560000000	239.4
857.616507937	240.1
858.673015873	240.2
859.710793651	240.3
860.747755102	240.4
862.089795918	241.1
863.383219955	241.2
864.261224490	241.3
865.528979592	241.4
866.795827664	242.1
868.442448980	242.2
869.974058957	242.3
871.579591837	242.4
875.860680272	243.1
876.945714286	243.2
877.980408163	243.3
879.185260771	243.4
880.389931973	244.1
881.593832200	244.2
882.796553288	244.3
884.129523810	244.4
885.416575964	245.1
886.704308390	245.2
887.991836735	245.3
889.280000000	245.4
890.697324263	246.1
891.679637188	246.2
892.645873016	246.3
893.612698413	246.4
894.909387755	247.1
896.036643991	247.2
896.995918367	247.3
897.778684807	247.4
899.092970522	248.1
900.143673469	248.2
901.020408163	248.3
902.050793651	248.4
903.284353741	249.1
904.354693878	249.2
905.424036281	249.3
906.239274376	249.4
907.713469388	250.1
908.880000000	250.2
909.866938776	250.3
910.939047619	250.4
912.011904762	251.1
913.083492063	251.2
914.155102041	251.3
915.279591837	251.4
916.404535147	252.1
917.589115646	252.2
918.813605442	252.3
919.826213152	252.4
921.734421769	253.1
923.642993197	253.2
924.914285714	253.3
926.064761905	253.4
928.727619048	254.1
929.822222222	254.2
930.733968254	254.3
931.622857143	254.4
932.454603175	255.1
933.344761905	255.2
934.081269841	255.3
934.897777778	255.4
935.878095238	256.1
936.822494331	256.2
937.723174603	256.3
938.526984127	256.4
939.645714286	257.1
940.455873016	257.2
941.140317460	257.3
942.256507937	257.4
943.404444444	258.1
944.345759637	258.2
945.071746032	258.3
945.974603175	258.4
947.043628118	259.1
947.937596372	259.2
948.622222222	259.3
949.996190476	259.4
951.196190476	260.1
952.054784580	260.2
952.810158730	260.3
953.583492063	260.4
954.500317460	261.1
955.500952381	261.2
956.392380952	261.3
957.423492063	261.4
958.631292517	262.1
959.401904762	262.2
960.370793651	262.3
961.102222222	262.4
962.010158730	263.1
962.773333333	263.2
963.494603175	263.3
964.576507937	263.4
965.638095238	264.1
966.732698413	264.2
967.398639456	264.3
968.365170068	264.4
969.363809524	265.1
970.217142857	265.2
971.247619048	265.3
972.279365079	265.4
973.487256236	266.1
974.694240363	266.2
976.047891156	266.3
977.294149660	266.4
978.936961451	267.1
980.154195011	267.2
981.271655329	267.3
982.263945578	267.4
983.466666667	268.1
984.662857143	268.2
985.601814059	268.3
986.741950113	268.4
988.107029478	269.1
989.169160998	269.2
990.380045351	269.3
991.421315193	269.4
992.558730159	270.1
993.518367347	270.2
994.632199546	270.3
995.655328798	270.4
997.036734694	271.1
997.995464853	271.2
999.003174603	271.3
1000.107029478	271.4
1001.103854875	272.1
1002.165986395	272.2
1003.239002268	272.3
1004.311111111	272.4
1005.601814059	273.1
1006.670294785	273.2
1007.738775510	273.3
1008.654875283	273.4
1009.919274376	274.1
1010.838095238	274.2
1011.865759637	274.3
1013.090068027	274.4
1014.099773243	275.1
1015.217233560	275.2
1016.070748299	275.3
1016.919501134	275.4
1017.766893424	276.1
1018.730158730	276.2
1019.612244898	276.3
1020.448571429	276.4
1021.353061224	277.1
1022.124988662	277.2
1023.015238095	277.3
1023.883174603	277.4
1024.602539683	278.1
1025.513015873	278.2
1026.251428571	278.3
1027.035555556	278.4
1027.733333333	279.1
1028.507936508	279.2
1029.293333333	279.3
1030.017777778	279.4
1030.744965986	280.1
1031.429659864	280.2
1032.055873016	280.3
1032.718367347	280.4
1033.447619048	281.1
1034.044807256	281.2
1034.783492063	281.3
1035.398095238	281.4
1036.138956916	282.1
1036.863129252	282.2
1037.529251701	282.3
1038.098866213	282.4
1038.751201814	283.1
1039.321541950	283.2
1040.074739229	283.3
1040.721995465	283.4
1041.288707483	284.1
1042.006349206	284.2
1042.708752834	284.3
1043.452517007	284.4
1044.167256236	285.1
1044.750657596	285.2
1045.422585034	285.3
1046.184444444	285.4
1046.854965986	286.1
1047.511655329	286.2
1048.058775510	286.3
1048.915736961	286.4
1049.525986395	287.1
1050.071655329	287.2
1050.706031746	287.3
1051.208888889	287.4
1051.885714286	288.1
1052.599365079	288.2
1053.205079365	288.3
1053.763809524	288.4
1054.462222222	289.1
1055.209795918	289.2
1055.715374150	289.3
1056.348843537	289.4
1056.996462585	290.1
1057.676190476	290.2
1058.336870748	290.3
1058.977414966	290.4
1059.744761905	291.1
1060.534421769	291.2
1061.170068027	291.3
1061.746666667	291.4
1062.496507937	292.1
1062.972698413	292.2
1063.716825397	292.3
1064.316190476	292.4
1064.925079365	293.1
1065.498412698	293.2
1066.032380952	293.3
1066.535238095	293.4
1067.038730159	294.1
1067.624761905	294.2
1068.184761905	294.3
1068.872925170	294.4
1069.410158730	295.1
1069.842539683	295.2
1070.519727891	295.3
1071.196825397	295.4
1072.008253968	296.1
1072.767346939	296.2
1073.330045351	296.3
1073.893877551	296.4
1074.514285714	297.1
1074.995804989	297.2
1075.477551020	297.3
1075.987936508	297.4
1076.514285714	298.1
1077.135873016	298.2
1077.677687075	298.3
1078.217777778	298.4
1078.789387755	299.1
1079.328163265	299.2
1079.895170068	299.3
1080.463673469	299.4
1081.040000000	300.1
1081.585396825	300.2
1082.110612245	300.3
1082.636825397	300.4
1083.184126984	301.1
1083.779591837	301.2
1084.271201814	301.3
1084.757369615	301.4
1085.256235828	302.1
1085.800453515	302.2
1086.325623583	302.3
1086.869841270	302.4
1087.365986395	303.1
1087.912018141	303.2
1088.520634921	303.3
1089.122902494	303.4
1089.910204082	304.1
1090.611337868	304.2
1091.583945578	304.3
1092.557823129	304.4
1093.515102041	305.1
1094.432653061	305.2
1095.492244898	305.3
1096.448526077	305.4
1097.404081633	306.1
1098.156916100	306.2
1099.029478458	306.3
1099.851247166	306.4
1100.868934240	307.1
1101.885714286	307.2
1102.949659864	307.3
1104.400000000	307.4
1105.642630385	308.1
1107.292517007	308.2
1108.514693878	308.3
1109.737142857	308.4
1111.357551020	309.1
1112.440816327	309.2
1113.404081633	309.3
1114.368163265	309.4
1115.253061224	310.1
1116.122448980	310.2
1116.758639456	310.3
1117.325170068	310.4
1117.976326531	311.1
1118.547755102	311.2
1119.075918367	311.3
1119.625306122	311.4
1120.158367347	312.1
1120.651428571	312.2
1121.203265306	312.3
1121.774693878	312.4
1122.204897959	313.1
1122.718367347	313.2
1123.200000000	313.3
1123.648979592	313.4
1124.118367347	314.1
1124.626122449	314.2
1125.142040816	314.3
1125.751814059	314.4
1126.360997732	315.1
1126.970294785	315.2
1127.580158730	315.3
1128.189569161	315.4
1128.800000000	316.1
1129.415170068	316.2
1130.030204082	316.3
1130.645736961	316.4
1131.261678005	317.1
1131.952108844	317.2
1132.583469388	317.3
1133.215782313	317.4
1133.913650794	318.1
1134.676099773	318.2
1135.438639456	318.3
1136.200997732	318.4
1136.962539683	319.1
1137.645714286	319.2
1138.438027211	319.3
1139.231020408	319.4
1139.988027211	320.1
1140.721088435	320.2
1141.454331066	320.3
1142.188843537	320.4
1143.153197279	321.1
1143.944126984	321.2
1144.683945578	321.3
1145.422222222	321.4
1146.151836735	322.1
1146.880000000	322.2
1147.657142857	322.3
1148.357551020	322.4
1149.394285714	323.1
1150.132244898	323.2
1150.933333333	323.3
1151.735510204	323.4
1152.658866213	324.1
1153.368526077	324.2
1154.208798186	324.3
1155.044716553	324.4
1155.924172336	325.1
1156.642539683	325.2
1157.585850340	325.3
1158.355011338	325.4
1159.173514739	326.1
1159.926712018	326.2
1160.817777778	326.3
1161.579682540	326.4
1162.771156463	327.1
1163.444535147	327.2
1164.314875283	327.3
1165.186031746	327.4
1166.108299320	328.1
1166.912653061	328.2
1167.710839002	328.3
1168.509387755	328.4
1169.430204082	329.1
1170.278095238	329.2
1171.036734694	329.3
1171.912925170	329.4
1172.793469388	330.1
1175.588571429	330.2
1176.413061224	330.3
1177.239002268	330.4
1177.988594104	331.1
1179.162947846	331.2
1179.766371882	331.3
1180.572154195	331.4
1181.259863946	332.1
1181.802811791	332.2
1182.939455782	332.3
1183.822902494	332.4
1184.682086168	333.1
1185.471564626	333.2
1186.402585034	333.3
1187.162222222	333.4
1188.025759637	334.1
1188.374058957	334.2
1189.168526077	334.3
1190.508049887	334.4
1191.494217687	335.1
1192.460770975	335.2
1192.762630385	335.3
1193.728435374	335.4
1194.689886621	336.1
1195.456145125	336.2
1196.733242630	336.3
1197.146099773	336.4
1198.080000000	337.1
1198.915918367	337.2
1199.821496599	337.3
1200.616235828	337.4
1201.795192744	338.1
1202.491791383	338.2
1203.014988662	338.3
1203.861768707	338.4
1204.906666667	339.1
1205.672925170	339.2
1206.392743764	339.3
1207.605827664	339.4
1208.250340136	340.1
1208.598639456	340.2
1208.923718821	340.3
1210.572335601	340.4
1211.416984127	341.1
1212.429931973	341.2
1213.352222222	341.3
1213.776689342	341.4
1214.984126984	342.1
1215.806643991	342.2
1216.563083900	342.3
1217.306122449	342.4
1218.281360544	343.1
1219.419138322	343.2
1219.999637188	343.3
1220.692585034	343.4
1221.595260771	344.1
1222.506712018	344.2
1223.436190476	344.3
1224.179229025	344.4
1225.270566893	345.1
1225.698684807	345.2
1226.919183673	345.3
1227.759795918	345.4
1228.800000000	346.1
1229.752018141	346.2
1230.610680272	346.3
1231.516734694	346.4
1234.795124717	347.1
1234.906848073	347.2
1235.951746032	347.3
1236.834104308	347.4
1237.971882086	348.1
1239.135079365	348.2
1240.144761905	348.3
1241.060136054	348.4
1242.337233560	349.1
1243.495351474	349.2
1244.483628118	349.3
1245.467913832	349.4
1246.584625850	350.1
1247.732970522	350.2
1248.662131519	350.3
1249.837278912	350.4
1251.253696145	351.1
1252.321814059	351.2
1253.241950113	351.3
1254.699659864	351.4
1255.990566893	352.1
1257.174784580	352.2
1258.242902494	352.3
1259.269977324	352.4
1260.436802721	353.1
1261.633015873	353.2
1262.846281179	353.3
1263.537052154	353.4
1264.633673469	354.1
1265.963628118	354.2
1267.229024943	354.3
1268.183854875	354.4
1269.285487528	355.1
1270.177959184	355.2
1271.733696145	355.3
1272.506439909	355.4
1273.614512472	356.1
1274.334331066	356.2
1275.820408163	356.3
1276.606643991	356.4
1277.814444444	357.1
1278.769342404	357.2
1279.674920635	357.3
1280.673378685	357.4
1281.836213152	358.1
1282.736303855	358.2
1283.668752834	358.3
1284.707505669	358.4
1285.758548753	359.1
1286.826666667	359.2
1287.662585034	359.3
1288.823990930	359.4
1289.594172336	360.1
1290.502154195	360.2
1291.592154195	360.3
1292.770975057	360.4
1293.759251701	361.1
1294.698231293	361.2
1295.764126984	361.3
1296.509387755	361.4
1297.960272109	362.1
1298.767641723	362.2
1299.876281179	362.3
1300.695283447	362.4
1301.640997732	363.1
1302.799229025	363.2
1303.728820862	363.3
1304.589365079	363.4
1305.353061224	364.1
1306.139886621	364.2
1307.005736961	364.3
1307.863945578	364.4
1308.749773243	365.1
1309.582199546	365.2
1310.185941043	365.3
1310.957301587	365.4
1311.718458050	366.1
1312.489092971	366.2
1313.158095238	366.3
1313.943242630	366.4
1314.467120181	367.1
1315.245034014	367.2
1316.002539683	367.3
1316.831224490	367.4
1317.284013605	368.1
1317.871746032	368.2
1318.661224490	368.3
1319.311405896	368.4
1319.845442177	369.1
1320.518820862	369.2
1321.099319728	369.3
1321.795918367	369.4
1322.492517007	370.1
1322.865147392	370.2
1323.537414966	370.3
1324.141133787	370.4
1324.675192744	371.1
1325.162811791	371.2
1326.058571429	371.3
1326.416689342	371.4
1327.229387755	372.1
1327.786666667	372.2
1328.529705215	372.3
1328.994104308	372.4
1329.657913832	373.1
1330.317641723	373.2
1331.083900227	373.3
1331.385759637	373.4
1332.074172336	374.1
1333.227414966	374.2
1334.252879819	374.3
1335.557392290	374.4
1336.401269841	375.1
1337.631927438	375.2
1338.700045351	375.3
1339.978979592	375.4
1341.765079365	376.1
1342.942811791	376.2
1344.132063492	376.3
1345.574126984	376.4
1346.724580499	377.1
1348.130226757	377.2
1349.258752834	377.3
1350.333242630	377.4
1351.656780045	378.1
1352.748117914	378.2
1353.862675737	378.3
1355.627392290	378.4
1357.113469388	379.1
1358.274467120	379.2
1359.226485261	379.3
1360.689342404	379.4
1362.314739229	380.1
1363.456893424	380.2
1364.905963719	380.3
1366.262131519	380.4
1367.980408163	381.1
1368.959659864	381.2
1370.186349206	381.3
1371.649160998	381.4
1373.088798186	382.1
1374.389115646	382.2
1375.577505669	382.3
1376.734331066	382.4
1377.714784580	383.1
1378.458435374	383.2
1379.908299320	383.3
1381.169342404	383.4
1382.396575964	384.1
1383.427505669	384.2
1384.071836735	384.3
1385.302494331	384.4
1386.370612245	385.1
1387.322630385	385.2
1388.297868481	385.3
1389.171315193	385.4
1390.626575964	386.1
1391.580929705	386.2
1392.523900227	386.3
1393.698480726	386.4
1394.590476190	387.1
1395.561383220	387.2
1396.749931973	387.3
1397.353650794	387.4
1398.653968254	388.1
1399.785192744	388.2
1400.776077098	388.3
1401.701383220	388.4
1402.903219955	389.1
1403.999229025	389.2
1405.016235828	389.3
1406.014693878	389.4
1407.106031746	390.1
1408.104489796	390.2
1409.248571429	390.3
1410.287482993	390.4
1411.192743764	391.1
1411.866122449	391.2
1413.120000000	391.3
1413.979138322	391.4
1414.574580499	392.1
1415.305963719	392.2
1416.029002268	392.3
1416.649433107	392.4
1417.366371882	393.1
1418.483809524	393.2
1419.250068027	393.3
1419.877006803	393.4
1420.898684807	394.1
1421.664943311	394.2
1422.324467120	394.3
1423.045963719	394.4
1423.874421769	395.1
1424.302539683	395.2
1425.367800454	395.3
1426.401814059	395.4
1427.303741497	396.1
1428.398730159	396.2
1429.527006803	396.3
1430.813605442	396.4
1431.675759637	397.1
1433.087256236	397.2
1434.334943311	397.3
1435.341496599	397.4
1436.688253968	398.1
1437.805668934	398.2
1438.592290249	398.3
1439.596848073	398.4
1440.496326531	399.1
1441.533854875	399.2
1442.307482993	399.3
1443.032857143	399.4
1444.021020408	400.1
1445.024217687	400.2
1446.092335601	400.3
1447.044353741	400.4
1448.170521542	401.1
1449.436009070	401.2
1450.632517007	401.3
1452.082562358	401.4
1452.871043084	402.1
1454.637278912	402.2
1456.076916100	402.3
1457.261133787	402.4
1458.494897959	403.1
1459.583129252	403.2
1460.493083900	403.3
1461.440725624	403.4
1462.833922902	404.1
1463.695283447	404.2
1464.349047619	404.3
1465.525260771	404.4
1466.718594104	405.1
1467.724444444	405.2
1468.962517007	405.3
1470.705487528	405.4
1472.748843537	406.1
1473.742766440	406.2
1475.381428571	406.3
1477.278027211	406.4
1478.693151927	407.1
1479.807709751	407.2
1481.386666667	407.3
1482.900340136	407.4
1484.939319728	408.1
1486.220748299	408.2
1487.656054422	408.3
1489.108752834	408.4
1490.991791383	409.1
1492.416145125	409.2
1493.112743764	409.3
1494.691700680	409.4
1495.709727891	410.1
1496.224217687	410.2
1498.197913832	410.3
1499.641904762	410.4
1500.844988662	411.1
1502.656145125	411.2
1503.610566893	411.3
1504.862040816	411.4
1506.069478458	412.1
1508.043174603	412.2
1508.741950113	412.3
1510.016870748	412.4
1511.433287982	413.1
1513.081904762	413.2
1514.196462585	413.3
1515.705759637	413.4
1516.889977324	414.1
1518.210634921	414.2
1518.558390023	414.3
1519.883560091	414.4
1520.721065760	415.1
1521.959523810	415.2
1523.391564626	415.3
1524.018503401	415.4
1526.317278912	416.1
1527.083537415	416.2
1527.995782313	416.3
1530.102131519	416.4
1532.052585034	417.1
1533.338412698	417.2
1534.281723356	417.3
1535.349818594	417.4
1536.567913832	418.1
1538.229115646	418.2
1538.716734694	418.3
1540.156371882	418.4
1541.224489796	419.1
1542.282222222	419.2
1543.082086168	419.3
1544.150204082	419.4
1545.380861678	420.1
1546.054240363	420.2
1547.772517007	420.3
1549.620884354	420.4
1550.752131519	421.1
1551.580589569	421.2
1552.044988662	421.3
1552.416507937	421.4
1553.402267574	422.1
1554.738503401	422.2
1555.435102041	422.3
1555.876281179	422.4
1556.243129252	423.1
1557.037278912	423.2
1557.571337868	423.3
1558.037687075	423.4
1559.196734694	424.1
1559.498594104	424.2
1560.306961451	424.3
1561.509478458	424.4
1562.238548753	425.1
1563.051247166	425.2
1563.884603175	425.3
1564.412721088	425.4
1565.071383220	426.1
1566.188027211	426.2
1566.882539683	426.3
1567.509478458	426.4
1568.043537415	427.1
1568.368616780	427.2
1568.671768707	427.3
1570.319092971	427.4
1570.620952381	428.1
1570.737052154	428.2
1571.526530612	428.3
1572.453718821	428.4
1573.472630385	429.1
1574.266485261	429.2
1574.763333333	429.3
1575.984761905	429.4
1577.145759637	430.1
1578.260317460	430.2
1579.102698413	430.3
1579.607074830	430.4
1580.025034014	431.1
1581.162811791	431.2
1581.812970522	431.3
1582.718548753	431.4
1583.229387755	432.1
1583.415147392	432.2
1583.415147392	432.3
1583.415147392	432.4
1583.415147392	433.1
1586.805260771	433.2
1587.885011338	433.3
1589.713582766	433.4
1590.984852608	434.1
1592.560884354	434.2
1593.856916100	434.3
1594.979410431	434.4
1596.418321995	435.1
1597.239682540	435.2
1598.904331066	435.3
1600.505034014	435.4
1601.526712018	436.1
1602.963424036	436.2
1604.401632653	436.3
1605.868843537	436.4
1607.610340136	437.1
1608.515918367	437.2
1610.060000000	437.3
1611.023673469	437.4
1612.397278912	438.1
1613.556780045	438.2
1614.978276644	438.3
1616.294671202	438.4
1617.968979592	439.1
1619.336417234	439.2
1620.659954649	439.3
1621.937052154	439.4
1623.237369615	440.1
1624.715782313	440.2
1625.632290249	440.3
1627.138321995	440.4
1628.911405896	441.1
1629.367437642	441.2
1629.831836735	441.3
1632.269931973	441.4
1633.686349206	442.1
1634.109841270	442.2
1635.206031746	442.3
1637.146122449	442.4
1639.603083900	443.1
1640.420136054	443.2
1641.139954649	443.3
1642.682154195	443.4
1643.766689342	443.5
1644.390748299	443.6
1645.842811791	444.1
1647.177142857	444.2
1648.650884354	444.3
1649.704489796	444.4
1650.678299320	445.1
1652.494512472	445.2
1653.957369615	445.3
1654.816507937	445.4
1656.395464853	446.1
1657.788662132	446.2
1659.297959184	446.3
1660.562517007	446.4
1661.857936508	447.1
1663.082811791	447.2
1664.708208617	447.3
1665.961179138	447.4
1668.153786848	448.1
1669.212879819	448.2
1671.399909297	448.3
1672.254693878	448.4
1673.346031746	449.1
1676.155646259	449.2
1676.666485261	449.3
1677.634331066	449.4
1678.828435374	450.1
1679.859863946	450.2
1680.774920635	450.3
1681.589115646	450.4
1681.751655329	451.1
1681.914195011	451.2
1682.657233560	451.3
1683.168072562	451.4
1684.236190476	452.1
1686.117006803	452.2
1687.115464853	452.3
1689.135600907	452.4
1690.463492063	453.1
1692.871519274	453.2
1693.709931973	453.3
1694.638730159	453.4
1696.262721088	454.1
1697.401904762	454.2
1697.959183673	454.3
1697.959183673	454.4
1698.121723356	455.1