0.303673469      206.2
1.113469388      206.3
1.860408163      206.4
2.659863946      207.1
3.266938776      207.2
3.942040816      207.3
4.761632653      207.4
5.474965986      208.1
6.188571429      208.2
6.884263039      208.3
7.578412698      208.4
8.437188209      209.1
9.160090703      209.2
9.834013605      209.3
10.743401361      209.4
11.362721088      210.1
12.183401361      210.2
12.841723356      210.3
13.607755102      210.4
14.374149660      211.1
15.139229025      211.2
15.967301587      211.3
16.794920635      211.4
17.360000000      212.1
18.001451247      212.2
18.655782313      212.3
19.223401361      212.4
19.889523810      213.1
20.710929705      213.2
21.382312925      213.3
22.044625850      213.4
22.725986395      214.1
23.447981859      214.2
24.035736961      214.3
24.703310658      214.4
25.304126984      215.1
25.886984127      215.2
26.440000000      215.3
27.106666667      215.4
27.693333333      216.1
28.494603175      216.2
29.290975057      216.3
30.086984127      216.4
30.904489796      217.1
31.635374150      217.2
32.171428571      217.3
32.882539683      217.4
33.648798186      218.1
34.197369615      218.2
34.946734694      218.3
35.496235828      218.4
36.247256236      219.1
36.857324263      219.2
37.464126984      219.3
38.124444444      219.4
38.895419501      220.1
39.640272109      220.2
40.332517007      220.3
41.194557823      220.4
42.352108844      221.1
43.102222222      221.2
43.860680272      221.3
44.787845805      221.4
45.559183673      222.1
46.487981859      222.2
47.441451247      222.3
48.228027211      222.4
49.211247166      223.1
50.012335601      223.2
50.794920635      223.3
51.577505669      223.4
52.331428571      224.1
53.130612245      224.2
53.920000000      224.3
54.666122449      224.4
55.354285714      225.1
55.927346939      225.2
56.715102041      225.3
57.431836735      225.4
58.146122449      226.1
58.897959184      226.2
59.608027211      226.3
60.317551020      226.4
61.100408163      227.1
61.804489796      227.2
62.507755102      227.3
63.204217687      227.4
63.902040816      228.1
64.455873016      228.2
65.156825397      228.3
65.843265306      228.4
66.473469388      229.1
67.285260771      229.2
68.025850340      229.3
68.654875283      229.4
69.381405896      230.1
70.126530612      230.2
70.760544218      230.3
71.413605442      230.4
72.204535147      231.1
72.862131519      231.2
73.557823129      231.3
74.205170068      231.4
74.941496599      232.1
75.498412698      232.2
76.136507937      232.3
76.730158730      232.4
77.417687075      233.1
77.994557823      233.2
78.679818594      233.3
79.332879819      233.4
80.151473923      234.1
81.361451247      234.2
82.171337868      234.3
82.979591837      234.4
84.184489796      235.1
85.217959184      235.2
86.097959184      235.3
87.216870748      235.4
88.243990930      236.1
89.487709751      236.2
90.511564626      236.3
91.512925170      236.4
92.809614512      237.1
93.994557823      237.2
95.344353741      237.3
96.695328798      237.4
98.009070295      238.1
99.398639456      238.2
100.581678005      238.3
101.765986395      238.4
103.248072562      239.1
104.389841270      239.2
105.432380952      239.3
106.560000000      239.4
107.616507937      240.1
108.673015873      240.2
109.710793651      240.3
110.747755102      240.4
112.089795918      241.1
113.383219955      241.2
114.261224490      241.3
115.528979592      241.4
116.795827664      242.1
118.442448980      242.2
119.974058957      242.3
