0.000000000      147.1
1.034739229      147.2
2.111564626      147.3
3.173877551      147.4
4.919727891      148.1
5.995102040      148.2
7.306303855      148.3
8.342494331      148.4
9.571700680      149.1
10.823401360      149.2
12.022494331      149.3
13.089160997      149.4
14.160907029      150.1
15.454693877      150.2
16.621496598      150.3
17.732789115      150.4
18.933333333      151.1
20.141496598      151.2
21.272380952      151.3
22.356462585      151.4
23.423129251      152.1
24.655238095      152.2
25.665668934      152.3
26.630748299      152.4
27.814965986      153.1
28.901224489      153.2
30.011065759      153.3
31.013877551      153.4
32.223673469      154.1
33.192018140      154.2
34.345034013      154.3
35.141224489      154.4
36.550748299      155.1
37.639002267      155.2
38.689160997      155.3
39.730612245      155.4
40.821224489      156.1
41.995827664      156.2
43.030748299      156.3
44.097414966      156.4
45.296689342      157.1
46.232018140      157.2
47.379954648      157.3
48.244716553      157.4
49.419319728      158.1
50.497414966      158.2
51.587845805      158.3
52.703854875      158.4
53.930158730      159.1
54.850975056      159.2
55.971700680      159.3
57.162811791      159.4
58.510294784      160.1
59.360725623      160.2
60.372244898      160.3
61.236462585      160.4
62.357551020      161.1
63.324081632      161.2
64.228208616      161.3
65.049614512      161.4
66.007256236      162.1
66.952018140      162.2
67.931065759      162.3
68.696598639      162.4
69.861950113      163.1
70.815419501      163.2
71.744217687      163.3
72.466938775      163.4
73.619229025      164.1
74.562539682      164.2
75.392653061      164.3
76.238730158      164.4
77.192018140      165.1
78.083446712      165.2
78.832653061      165.3
79.737142857      165.4
80.636009070      166.1
81.561541950      166.2
82.414875283      166.3
83.124716553      166.4
84.036462585      167.1
84.924444444      167.2
85.865034013      167.3
86.734875283      167.4
87.512018140      168.1
88.183764172      168.2
88.837732426      168.3
89.522811791      168.4
90.343764172      169.1
91.067936508      169.2
91.812970521      169.3
92.487256236      169.4
93.241541950      170.1
93.967891156      170.2
94.573605442      170.3
95.235215419      170.4
95.925351474      171.1
96.589569161      171.2
97.222494331      171.3
97.851065759      171.4
98.585034013      172.1
99.237006802      172.2
99.824761904      172.3
100.461836734      172.4
101.011700680      173.1
101.631383220      173.2
102.250521542      173.3
102.800000000      173.4
103.432925170      174.1
103.994013605      174.2
104.558367347      174.3
105.060680272      174.4
105.577687075      175.1
106.231292517      175.2
106.827210884      175.3
107.387755102      175.4
107.931972789      176.1
108.422312925      176.2
109.051972789      176.3
109.580952381      176.4
110.105578231      177.1
110.677006802      177.2
111.178775510      177.3
111.773605442      177.4
112.309115646      178.1
112.881678004      178.2
113.454149660      178.3
114.061496598      178.4
114.599183673      179.1
115.165170068      179.2
115.752925170      179.3
116.292063492      179.4
116.992290249      180.1
117.568117914      180.2
118.142403628      180.3
118.625668934      180.4
119.292517006      181.1
119.808435374      181.2
120.399818594      181.3
121.110929705      181.4
121.627573696      182.1
122.247437641      182.2
122.866031746      182.3
123.346757369      182.4
124.004353741      183.1
124.478730158      183.2
125.096417233      183.3
125.576235827      183.4
126.207528344      184.1
126.973968254      184.2
127.648117914      184.3
128.323628118      184.4
129.096054421      185.1
129.863401360      185.2
130.704671201      185.3
131.547573696      185.4
132.546757369      186.1
133.223038548      186.2
134.033560090      186.3
134.891972789      186.4
135.763446712      187.1
136.689160997      187.2
137.466485260      187.3
138.308934240      187.4
139.196371882      188.1
139.996462585      188.2
140.896054421      188.3
141.603809523      188.4
142.443809523      189.1
143.380952381      189.2
144.165759637      189.3
144.951564626      189.4
145.835646258      190.1
146.584852607      190.2
147.314467120      190.3
148.045170068      190.4
148.639002267      191.1
149.461859410      191.2
150.039002267      191.3
150.743129251      191.4
151.403446712      192.1
151.982494331      192.2
152.681541950      192.3
153.358367347      192.4
154.001541950      193.1
154.587573696      193.2
155.212970521      193.3
155.814875283      193.4
156.470113378      194.1
157.037097505      194.2
157.622494331      194.3
158.243628118      194.4
158.856780045      195.1
159.428208616      195.2
160.034557823      195.3
160.572970521      195.4
161.437732426      196.1
162.344399093      196.2
163.154648526      196.3
164.045351474      196.4
165.382494331      197.1
166.221224489      197.2
166.996507936      197.3
167.772970521      197.4
168.639637188      198.1
169.256961451      198.2
169.910929705      198.3
170.524081632      198.4
171.261496598      199.1
171.831111111      199.2
172.426122449      199.3
172.977596372      199.4
173.549024943      200.1
174.124988662      200.2
174.765215419      200.3
175.404897959      200.4
175.924897959      201.1
176.532244898      201.2
177.242448979      201.3
177.909115646      201.4
178.822494331      202.1
179.440861678      202.2
180.059523809      202.3
180.677664399      202.4
181.296417233      203.1
181.914580499      203.2
182.533287982      203.3
183.153900226      203.4
183.773968254      204.1
184.446984127      204.2
185.115850340      204.3
185.785759637      204.4
186.471020408      205.1
187.155192743      205.2
187.856462585      205.3
188.557641723      205.4
189.264217687      206.1
189.894421768      206.2
190.704217687      206.3
191.451156462      206.4
192.250612245      207.1
192.857687075      207.2
193.532789115      207.3
194.352380952      207.4
195.065714285      208.1
195.779319728      208.2
196.475011338      208.3
197.169160997      208.4
198.027936508      209.1
198.750839002      209.2
199.424761904      209.3
200.334149660      209.4
200.953469387      210.1
