0.000000000       80.1
0.394739229       80.2
1.648616780       80.3
2.245804989       80.4
3.088253969       81.1
3.696326531       81.2
4.419773243       81.3
5.066666667       81.4
5.874648526       82.1
6.485623583       82.2
7.035646259       82.3
7.840725624       82.4
8.755011338       83.1
9.641179139       83.2
10.425759638       83.3
10.959818594       83.4
11.613877551       84.1
12.121360545       84.2
13.006077098       84.3
13.670748300       84.4
14.326712018       85.1
15.000816327       85.2
15.743129252       85.3
16.425215420       85.4
17.298866214       86.1
17.856145125       86.2
18.575963719       86.3
19.196734694       86.4
19.876281179       87.1
20.363900227       87.2
21.106938776       87.3
21.780317461       87.4
22.629659864       88.1
23.150294785       88.2
23.967868481       88.3
24.326848073       88.4
24.894716554       89.1
25.750929706       89.2
26.261768708       89.3
27.332426304       89.4
27.515646259       90.1
28.168344672       90.2
29.210702948       90.3
29.721541950       90.4
30.603900227       91.1
31.254058957       91.2
32.043537415       91.3
32.990476191       91.4
34.111383220       92.1
34.840294785       92.2
36.190929706       92.3
37.128707483       92.4
37.941405896       93.1
39.082086168       93.2
40.023945579       93.3
40.720521542       93.4
41.517278912       94.1
42.237097506       94.2
42.887256236       94.3
43.731156463       94.4
44.448798186       95.1
45.325351474       95.2
45.910204082       95.3
46.486349207       95.4
47.389024944       96.1
47.918730159       96.2
48.222063492       96.3
49.295963719       96.4
49.976598640       97.1
50.700770975       97.2
51.261678005       97.3
51.989478458       97.4
52.696961452       98.1
53.401746032       98.2
53.916734694       98.3
54.543673470       98.4
55.170612245       99.1
55.867210885       99.2
56.470929706       99.3
56.981768708       99.4
57.676916100      100.1
58.335419501      100.2
58.955464853      100.3
59.396643991      100.4
60.124625851      101.1
60.592471656      101.2
61.138140590      101.3
61.648979592      101.4
62.210975057      102.1
62.827392291      102.2
63.158276644      102.3
63.785215420      102.4
64.099773243      103.1
64.667573696      103.2
65.224852608      103.3
65.782131520      103.4
66.303151928      104.1
66.757369615      104.2
67.339319728      104.3
67.858866214      104.4
68.325442177      105.1
68.800725624      105.2
69.334784581      105.3
69.775963719      105.4
70.101043084      106.1
71.099501134      106.2
71.638571429      106.3
71.959229025      106.4
72.837029479      107.1
73.885895692      107.2
74.303854876      107.3
74.982811792      107.4
75.580952381      108.1
75.627392291      108.2
76.218321996      108.3
77.693968254      108.4
77.856507937      109.1
78.320907030      109.2
80.294603175      109.3
81.394557823      109.4
82.709478458      110.1
83.850022676      110.2
84.358095238      110.3
85.405442177      110.4
85.867392291      111.1
86.791836735      111.2
87.701768708      111.3
88.500680272      111.4
89.698684808      112.1
90.581043084      112.2
91.184761905      112.3
91.742040817      112.4
92.624399093      113.1
93.413877551      113.2
94.133696145      113.3
95.248253969      113.4
96.060952381      114.1
96.943310658      114.2
97.825668935      114.3
98.643786848      114.4
99.660045352      115.1
100.937687075      115.2
101.424739229      115.3
101.749841270      115.4
103.026938776      116.1
104.140022676      116.2
105.093514740      116.3
105.859773243      116.4
106.904671202      117.1
107.787029479      117.2
108.805260771      117.3
109.726077098      117.4
110.630385488      118.1
111.711201814      118.2
112.391043084      118.3
113.034739229      118.4
113.940770975      119.1
114.869115647      119.2
115.635374150      119.3
117.075011338      119.4
117.637278912      120.1
118.421768708      120.2
119.397006803      120.3
120.432925170      120.4
121.045623583      121.1
122.392380953      121.2
123.043990930      121.3
123.715918368      121.4
124.781133787      122.1
125.465600907      122.2
126.437732427      122.3
127.299614513      122.4
127.802630386      123.1
128.727074830      123.2
129.524399093      123.3
130.329251701      123.4
131.134693878      124.1
132.051882087      124.2
132.887800454      124.3
133.688526077      124.4
134.815056690      125.1
