0.000000000       80.1
0.767709750       80.2
1.571519274       80.3
2.129705215       80.4
2.983764172       81.1
3.580226757       81.2
4.257233560       81.3
4.973786848       81.4
5.710657596       82.1
6.299863945       82.2
6.961995465       82.3
7.608526077       82.4
8.453151927       83.1
9.130340136       83.2
9.788276644       83.3
10.445895691       83.4
11.103038548       84.1
11.680181406       84.2
12.263038548       84.3
12.904489796       84.4
13.541587301       85.1
14.188117914       85.2
14.871292517       85.3
15.542857143       85.4
16.300408163       86.1
17.088072562       86.2
17.730249433       86.3
18.430476190       86.4
19.069387755       87.1
19.690952381       87.2
20.380770975       87.3
21.211428571       87.4
22.142040816       88.1
22.896689342       88.2
23.851791383       88.3
24.489387755       88.4
25.126893424       89.1
26.004172335       89.2
26.881995465       89.3
27.889705215       89.4
28.450249433       90.1
29.213242630       90.2
30.203718821       90.3
30.969251700       90.4
31.854149660       91.1
32.601904762       91.2
33.628662131       91.3
34.639092970       91.4
35.683990929       92.1
36.512108843       92.2
37.259047619       92.3
38.005986394       92.4
38.757006802       93.1
39.476825397       93.2
40.163265306       93.3
40.813424036       93.4
41.396825397       94.1
42.036825397       94.2
42.704308390       94.3
43.336417233       94.4
44.030839002       95.1
44.653424036       95.2
45.236825397       95.3
45.882267573       95.4
46.529886621       96.1
47.059591836       96.2
47.688027211       96.3
48.316371882       96.4
49.024580499       97.1
49.655873016       97.2
50.240000000       97.3
50.933696145       97.4
51.443083900       98.1
52.054965986       98.2
52.670839002       98.3
53.232471655       98.4
53.758730158       99.1
54.449342403       99.2
55.102403628       99.3
55.681405895       99.4
56.260498866      100.1
56.849342403      100.2
57.530340136      100.3
58.006848072      100.4
58.545668934      101.1
59.129614512      101.2
59.693424036      101.3
60.222403628      101.4
60.882653061      102.1
61.480634920      102.2
62.009614512      102.3
62.579954648      102.4
63.170975056      103.1
63.735873016      103.2
64.318730158      103.3
64.867845805      103.4
65.420770975      104.1
66.036825397      104.2
66.596281179      104.3
67.162267573      104.4
67.721723356      105.1
68.289886621      105.2
68.881995465      105.3
69.454512471      105.4
70.046621315      106.1
70.691632653      106.2
71.336712018      106.3
71.982448979      106.4
72.628072562      107.1
73.273378685      107.2
73.918911564      107.3
74.564852607      107.4
75.323356009      108.1
75.900725623      108.2
76.589841270      108.3
77.279863945      108.4
77.969705215      109.1
78.754852607      109.2
79.540816326      109.3
80.326439909      109.4
81.047800453      110.1
82.108526077      110.2
83.106893424      110.3
84.105124716      110.4
85.104399093      111.1
86.118458050      111.2
87.088775510      111.3
88.059501134      111.4
89.166077097      112.1
90.174693877      112.2
91.115102041      112.3
92.054535147      112.4
93.167165533      113.1
94.189773242      113.2
95.115464852      113.3
96.040634920      113.4
97.046349206      114.1
98.024489796      114.2
98.995374149      114.3
99.967324263      114.4
101.122789115      115.1
102.052244898      115.2
102.980498866      115.3
103.917641723      115.4
104.794648526      116.1
105.672562358      116.2
106.612244898      116.3
107.453424036      116.4
108.556190476      117.1
109.580770975      117.2
110.477097505      117.3
111.374693877      117.4
112.557641723      118.1
113.531609977      118.2
114.504058957      118.3
115.476394558      118.4
116.448526077      119.1
117.471428571      119.2
118.494081632      119.3
119.516530612      119.4
120.539773242      120.1
121.493242630      120.2
122.428662131      120.3
123.358639456      120.4
124.330113378      121.1
125.326031746      121.2
126.318004535      121.3
127.261315192      121.4
128.240907029      122.1
129.203990929      122.2
130.245804988      122.3
131.177324263      122.4
132.117006802      123.1
133.115646258      123.2
133.982630385      123.3
134.880362812      123.4
135.918004535      124.1
136.996281179      124.2
137.812607709      124.3
138.704036281      124.4
139.854512471      125.1
