0.000000000      147.1
1.153741497      147.2
2.234557823      147.3
3.324807256      147.4
4.811972789      148.1
6.036462585      148.2
7.161904762      148.3
8.148027211      148.4
9.205260771      149.1
10.398911565      149.2
11.566802721      149.3
12.595374150      149.4
13.655510204      150.1
14.764625851      150.2
15.861768708      150.3
16.918639456      150.4
17.930884354      151.1
19.002993198      151.2
20.102312925      151.3
21.092789116      151.4
22.344489796      152.1
23.414421769      152.2
24.420136055      152.3
25.187482993      152.4
26.226938776      153.1
27.319727891      153.2
28.313469388      153.3
29.433469388      153.4
30.294784581      154.1
31.447074830      154.2
32.427755102      154.3
33.432380953      154.4
34.537142857      155.1
35.595102041      155.2
36.551836735      155.3
37.621746032      155.4
38.741768708      156.1
39.851972789      156.2
40.677006803      156.3
41.564081633      156.4
42.503401361      157.1
43.530884354      157.2
44.490158730      157.3
45.413877551      157.4
46.469659864      158.1
47.404625851      158.2
48.415238095      158.3
49.380136055      158.4
50.378526077      159.1
51.310294785      159.2
52.390022676      159.3
53.509659864      159.4
54.622040817      160.1
55.510566894      160.2
56.524625851      160.3
57.312653061      160.4
58.214965987      161.1
59.182585034      161.2
60.007619048      161.3
60.768435374      161.4
61.668707483      162.1
62.579229025      162.2
63.364353742      162.3
64.100136055      162.4
65.213605442      163.1
66.056054422      163.2
66.845714286      163.3
67.831292517      163.4
69.059047619      164.1
69.964625851      164.2
71.100952381      164.3
71.825850340      164.4
72.717641724      165.1
73.655510204      165.2
74.405442177      165.3
75.120544218      165.4
76.017414966      166.1
76.723356009      166.2
77.506394558      166.3
78.257687075      166.4
79.043265306      167.1
79.622312925      167.2
80.352653061      167.3
81.259319728      167.4
81.899682540      168.1
82.509931973      168.2
83.073741497      168.3
83.598367347      168.4
84.151292517      169.1
84.831564626      169.2
85.481360544      169.3
86.034829932      169.4
86.764625851      170.1
87.262993198      170.2
87.867210885      170.3
88.464761905      170.4
89.084081633      171.1
89.726258504      171.2
90.245442177      171.3
90.899591837      171.4
91.608526077      172.1
92.090340136      172.2
92.622585034      172.3
93.273469388      172.4
93.828480726      173.1
94.392925170      173.2
94.957641724      173.3
95.532698413      173.4
96.194285715      174.1
96.772426304      174.2
97.351111111      174.3
98.014693878      174.4
98.626394558      175.1
99.259863946      175.2
99.906938776      175.3
100.528979592      175.4
101.105306123      176.1
101.765941043      176.2
102.426666667      176.3
103.039546485      176.4
103.671292517      177.1
104.227482993      177.2
104.955102041      177.3
105.653197279      177.4
106.350657597      178.1
107.072040817      178.2
107.793197279      178.3
108.423038549      178.4
109.151927438      179.1
109.948888889      179.2
110.744308390      179.3
111.503673470      179.4
112.453514739      180.1
113.158707483      180.2
113.864308390      180.3
114.521904762      180.4
115.280181406      181.1
116.025578232      181.2
116.980340136      181.3
117.934149660      181.4
118.997278912      182.1
120.204625851      182.2
121.024648526      182.3
121.846349207      182.4
122.668117914      183.1
123.468480726      183.2
124.268843538      183.3
125.015691610      183.4
125.763628118      184.1
126.452789116      184.2
127.203537415      184.3
127.955646259      184.4
128.697324263      185.1
129.565895692      185.2
130.372562359      185.3
131.177324263      185.4
131.870476191      186.1
132.442993198      186.2
133.174013606      186.3
133.786258504      186.4
134.513197279      187.1
135.228299320      187.2
135.763401361      187.3
136.306666667      187.4
137.000362812      188.1
137.567709751      188.2
138.295147393      188.3
138.740680272      188.4
139.278367347      189.1
140.143673470      189.2
140.703129252      189.3
141.261133787      189.4
141.916916100      190.1
142.588117914      190.2
143.189909297      190.3
143.791927438      190.4
144.383129252      191.1
145.074331066      191.2
145.632494331      191.3
146.191564626      191.4
146.812517007      192.1
147.417142857      192.2
148.019954649      192.3
148.628752835      192.4
149.236099773      193.1
149.814421769      193.2
150.438095238      193.3
151.091156463      193.4
151.672380953      194.1
152.253605442      194.2
152.874013606      194.3
153.419319728      194.4
154.077278912      195.1
154.782585034      195.2
155.486258504      195.3
156.216054422      195.4
157.146666667      196.1
158.007074830      196.2
158.690204082      196.3
159.372312925      196.4
160.082721089      197.1
160.755918368      197.2
161.359092971      197.3
161.961360544      197.4
162.731609978      198.1
163.276825397      198.2
163.821133787      198.3
164.384943311      198.4
164.959727891      199.1
165.559727891      199.2
166.157278912      199.3
166.728707483      199.4
167.358911565      200.1
167.953197279      200.2
168.608072563      200.3
169.262585034      200.4
169.810068027      201.1
170.520816327      201.2
171.209931973      201.3
171.898911565      201.4
172.586666667      202.1
173.224875284      202.2
173.863786848      202.3
174.502448980      202.4
175.140498866      203.1
175.778684807      203.2
176.416848073      203.3
177.055714286      203.4
177.778503402      204.1
178.499047619      204.2
179.279183674      204.3
180.060589569      204.4
180.780861678      205.1
181.571337869      205.2
182.368163266      205.3
183.165895692      205.4
183.958639456      206.1
184.848435374      206.2
185.570975057      206.3
186.371609978      206.4
187.353832200      207.1
188.171315193      207.2
189.009705216      207.3
189.847800454      207.4
190.654126984      208.1
191.442721089      208.2
192.260952381      208.3
193.079546485      208.4
193.874467120      209.1
195.156462585      209.2
196.134603175      209.3
197.106938776      209.4
198.088344671      210.1
