0.000000000      210.1
1.222312926      210.2
1.986757370      210.3
3.078820862      210.4
4.044580499      211.1
5.061587302      211.2
5.804444445      211.3
6.547301588      211.4
7.311383220      212.1
7.957913833      212.2
8.637868481      212.3
9.316643991      212.4
10.118458050      213.1
10.837551021      213.2
11.747482994      213.3
12.599365080      213.4
13.500589570      214.1
14.312199547      214.2
15.087120182      214.3
15.861043084      214.4
16.763718821      215.1
17.551020409      215.2
18.287528345      215.3
19.049433107      215.4
19.804081633      216.1
20.685714286      216.2
21.557845805      216.3
22.430839003      216.4
23.435827665      217.1
24.129705216      217.2
24.969614513      217.3
25.693424037      217.4
26.766439910      218.1
27.469387756      218.2
28.316553288      218.3
29.114739229      218.4
30.106122449      219.1
30.830839003      219.2
31.569160998      219.3
32.281179139      219.4
33.101133787      220.1
33.798639456      220.2
34.575963719      220.3
35.318820862      220.4
36.477097506      221.1
37.242811792      221.2
38.071111112      221.3
38.900680273      221.4
39.746938776      222.1
40.705668935      222.2
41.562811792      222.3
42.454421769      222.4
43.560090703      223.1
44.573242631      223.2
45.353968254      223.3
46.135147393      223.4
46.973696146      224.1
47.801360545      224.2
48.628027211      224.3
49.453061225      224.4
50.336507937      225.1
51.156099774      225.2
51.933968254      225.3
52.835192744      225.4
53.713197279      226.1
54.858049887      226.2
55.632199547      226.3
56.406893424      226.4
57.262857143      227.1
58.158344672      227.2
59.053786849      227.3
60.054195012      227.4
61.053605443      228.1
61.622403629      228.2
62.292970522      228.3
62.947845805      228.4
63.722630386      229.1
64.767709751      229.2
65.518730159      229.3
66.368798186      229.4
67.206893424      230.1
68.089614513      230.2
68.756825397      230.3
69.602539683      230.4
70.477641724      231.1
71.406077098      231.2
72.150566894      231.3
72.897233561      231.4
73.796281180      232.1
74.857868481      232.2
75.757641724      232.3
76.596462585      232.4
77.512199547      233.1
78.308934241      233.2
79.348027211      233.3
80.289886622      233.4
81.545215420      234.1
83.024036282      234.2
84.179319728      234.3
85.335873016      234.4
86.965804989      235.1
88.421043084      235.2
89.450453515      235.3
90.479455783      235.4
91.782312926      236.1
92.824489796      236.2
93.916553288      236.3
95.026439910      236.4
96.435374150      237.1
97.468662132      237.2
98.613741497      237.3
99.760544218      237.4
100.939138322      238.1
101.960181406      238.2
103.057913833      238.3
104.154376418      238.4
105.302312926      239.1
106.327074830      239.2
107.189297053      239.3
108.243628118      239.4
109.290476191      240.1
110.336689343      240.2
111.519455783      240.3
112.702403629      240.4
114.067664400      241.1
115.023673470      241.2
116.214058957      241.3
117.660952381      241.4
118.880000000      242.1
120.163628118      242.2
121.701587302      242.3
123.198185941      242.4
126.159546486      243.1
127.311111112      243.2
128.480680273      243.3
129.604535148      243.4
130.699501134      244.1
131.792721089      244.2
132.887074830      244.3
134.044444445      244.4
135.151383220      245.1
136.270430839      245.2
137.389070295      245.3
138.508117914      245.4
139.895328799      246.1
140.907392291      246.2
142.018820862      246.3
143.129251701      246.4
144.346485261      247.1
145.378321996      247.2
146.390929706      247.3
147.365986395      247.4
148.736689343      248.1
149.698321996      248.2
150.759727892      248.3
151.820408164      248.4
153.264036282      249.1
154.399387756      249.2
155.533424037      249.3
156.421587302      249.4
157.788934241      250.1
158.805260771      250.2
159.841995465      250.3
160.773061225      250.4
161.704852608      251.1
162.636235828      251.2
163.567709751      251.3
164.483945579      251.4
165.401179139      252.1
166.461337869      252.2
167.523242631      252.3
168.478911565      252.4
169.656235828      253.1
171.570430839      253.2
172.517913833      253.3
173.362721089      253.4
176.384172336      254.1
177.286893424      254.2
178.253424037      254.3
179.246077098      254.4
180.192290250      255.1
181.036009071      255.2
182.017233561      255.3
182.914648527      255.4
183.971519275      256.1
185.013151928      256.2
185.997278912      256.3
186.922811792      256.4
188.000000000      257.1
189.022222223      257.2
190.035328799      257.3
191.047619048      257.4
192.108480726      258.1
193.182403629      258.2
194.156190477      258.3
195.094784581      258.4
196.227573697      259.1
197.389569161      259.2
198.469160998      259.3
199.550113379      259.4
200.540226758      260.1
201.588027211      260.2
202.684444445      260.3
203.475192744      260.4
204.640725624      261.1
205.656598640      261.2
206.754285715      261.3
207.852335601      261.4
208.951655329      262.1
210.211337869      262.2
211.172789116      262.3
212.214943311      262.4
213.552834468      263.1
214.643718821      263.2
215.646485261      263.3
216.783310658      263.4
218.182312926      264.1
219.221768708      264.2
220.132063492      264.3
221.338775511      264.4
222.474376418      265.1
223.700680273      265.2
224.849433107      265.3
225.997278912      265.4
227.059750567      266.1
228.122448980      266.2
229.449433107      266.3
230.695691610      266.4
232.663582767      267.1
233.657687075      267.2
234.690975057      267.3
235.865034014      267.4
236.986485261      268.1
237.887709751      268.2
238.769342404      268.3
239.889342404      268.4
240.903038549      269.1
241.859954649      269.2
242.836281180      269.3
243.820408164      269.4
244.803628118      270.1
245.881179139      270.2
246.844444445      270.3
247.874648527      270.4
249.050158731      271.1
250.003083901      271.2
251.095873016      271.3
251.992199547      271.4
253.094240363      272.1
253.994648527      272.2
254.986485261      272.3
256.081995465      272.4
257.230294785      273.1
258.199727892      273.2
259.231383220      273.3
260.169070295      273.4
261.340226758      274.1
262.361904762      274.2
263.342947846      274.3
264.411065760      274.4
265.801541951      275.1
266.760362812      275.2
267.441995465      275.3
268.123061225      275.4
268.805260771      276.1
269.657505669      276.2
270.382403629      276.3
271.094240363      276.4
271.802811792      277.1
272.536598640      277.2
273.108934241      277.3
273.741315193      277.4
274.380770975      278.1
274.995918368      278.2
275.557369615      278.3
276.148934241      278.4
276.923356010      279.1
277.800453515      279.2
278.546712019      279.3
279.294331066      279.4
280.012698413      280.1
280.640362812      280.2
281.175328799      280.3
281.739682540      280.4
282.407256236      281.1
283.001541951      281.2
283.567709751      281.3
284.208979592      281.4
284.873106576      282.1
285.469931973      282.2
285.996961452      282.3
286.522993198      282.4
287.121360545      283.1
287.742947846      283.2
288.324535148      283.3
288.920090703      283.4
289.604535148      284.1
290.141678005      284.2
290.740748300      284.3
291.375238096      284.4
292.216961452      285.1
292.805804989      285.2
293.516916100      285.3
294.226961452      285.4
294.937868481      286.1
295.694149660      286.2
296.247097506      286.3
296.918276644      286.4
297.588934241      287.1
298.090158731      287.2
298.743582767      287.3
299.396281180      287.4
300.150566894      288.1
300.953106576      288.2
301.562630386      288.3
302.266122449      288.4
303.112789116      289.1
303.911836735      289.2
304.614240363      289.3
305.315736962      289.4
306.017233561      290.1
