0.000000000      100.1
0.588843537      100.2
1.269841270      100.3
1.746349206      100.4
2.285170068      101.1
2.869115646      101.2
3.432925170      101.3
3.961904762      101.4
4.622154195      102.1
5.220136054      102.2
5.749115646      102.3
6.319455782      102.4
6.910476190      103.1
7.475374150      103.2
8.058231292      103.3
8.607346939      103.4
9.160272109      104.1
9.776326531      104.2
10.335782313      104.3
10.901768707      104.4
11.461224490      105.1
12.029387755      105.2
12.621496599      105.3
13.194013605      105.4
13.786122449      106.1
14.431133787      106.2
15.076213152      106.3
15.721950113      106.4
16.367573696      107.1
17.012879819      107.2
17.658412698      107.3
18.304353741      107.4
19.062857143      108.1
