0.000000000       13.1
1.072653061       13.2
2.215510204       13.3
3.229387755       13.4
4.296281179       14.1
5.363265306       14.2
6.602448979       14.3
7.582040816       14.4
8.780408163       15.1
9.840000000       15.2
11.057959183       15.3
11.947755102       15.4
13.000816326       16.1
13.967346938       16.2
15.129795918       16.3
16.058775510       16.4
17.436734694       17.1
18.511020408       17.2
19.753469387       17.3
20.809795918       17.4
22.208979591       17.5
23.535600907       17.6
25.298866213       18.1
26.463673469       18.2
27.368163265       18.3
28.326530612       18.4
29.327891156       19.1
30.258503401       19.2
31.182766440       19.3
32.267755102       19.4
33.389387755       20.1
34.293877551       20.2
35.335510204       20.3
36.182857143       20.4
37.409523809       21.1
38.443537415       21.2
39.375963718       21.3
40.522448979       21.4
41.567346938       22.1
42.488888889       22.2
43.562267573       22.3
44.667029478       22.4
45.837641723       23.1
46.686621315       23.2
47.814965986       23.3
48.875283446       23.4
49.781950113       24.1
50.771882086       24.2
51.883537415       24.3
52.929795918       24.4
54.159183673       25.1
55.177414966       25.2
56.357188208       25.3
57.473015873       25.4
58.501224489       26.1
59.484807256       26.2
60.860045351       26.3
61.826394557       26.4
62.927346938       26.5
64.060045351       26.6
65.098321995       27.1
66.086167800       27.2
67.270385487       27.3
68.150204081       27.4
68.939319728       28.1
69.821678004       28.2
70.776598639       28.3
71.567346938       28.4
72.705306122       29.1
73.555555555       29.2
74.397551020       29.3
75.239183673       29.4
76.025396825       30.1
76.893605442       30.2
77.725170068       30.3
78.556734694       30.4
79.455782313       31.1
80.274285714       31.2
81.345306122       31.3
82.380408163       31.4
83.489523809       32.1
84.284081632       32.2
85.309387755       32.3
86.089795918       32.4
86.859319728       33.1
87.681632653       33.2
88.618231292       33.3
89.390476190       33.4
90.462585034       34.1
91.520181406       34.2
92.386961451       34.3
93.253514739       34.4
94.146031746       35.1
94.944489796       35.2
95.929614512       35.3
96.867120181       35.4
98.247256235       36.1
99.041088435       36.2
99.936870748       36.3
100.816371882       36.4
101.724807256       37.1
102.468571428       37.2
103.430204081       37.3
104.192653061       37.4
105.088503401       38.1
105.984489796       38.2
106.777142857       38.3
107.740952381       38.4
108.914285714       39.1
109.986394557       39.2
110.841723356       39.3
111.664761904       39.4
112.700226757       40.1
113.649342403       40.2
114.379795918       40.3
115.196734694       40.4
116.026394557       41.1
116.846077097       41.2
117.621904762       41.3
118.397823129       41.4
119.301950113       42.1
120.110839002       42.2
120.792380952       42.3
121.562993197       42.4
122.319092970       43.1
123.062040816       43.2
123.804807256       43.3
124.485442177       43.4
125.229863945       44.1
125.929433106       44.2
126.745804988       44.3
127.517460317       44.4
128.297505669       45.1
129.211065759       45.2
129.895963718       45.3
130.682471655       45.4
131.525804988       46.1
132.468888889       46.2
133.583673469       46.3
134.524807256       46.4
135.782312925       46.5
137.057959183       46.6
139.142585034       47.1
140.157823129       47.2
140.981405895       47.3
141.937414966       47.4
142.955102040       48.1
143.749659864       48.2
144.696598639       48.3
145.695782313       48.4
146.615873016       49.1
147.375238095       49.2
148.292426304       49.3
149.271292517       49.4
150.248707483       50.1
