0.000000000      147.1
1.153741497      147.2
2.234557823      147.3
3.324807256      147.4
4.811972789      148.1
6.036462585      148.2
7.161904762      148.3
8.148027211      148.4
9.205260771      149.1
10.398911565      149.2
11.566802721      149.3
12.595374150      149.4
13.655510204      150.1
14.764625851      150.2
15.861768708      150.3
16.918639456      150.4
17.930884354      151.1
19.002993198      151.2
20.102312925      151.3
21.092789116      151.4
22.344489796      152.1
23.414421769      152.2
24.420136055      152.3
25.187482993      152.4
26.226938776      153.1
27.319727891      153.2
28.313469388      153.3
29.433469388      153.4
30.294784581      154.1
31.447074830      154.2
32.427755102      154.3
33.432380953      154.4
34.537142857      155.1
35.595102041      155.2
36.551836735      155.3
37.621746032      155.4
38.741768708      156.1
39.851972789      156.2
40.677006803      156.3
41.564081633      156.4
42.503401361      157.1
43.530884354      157.2
44.490158730      157.3
45.413877551      157.4
46.469659864      158.1
47.404625851      158.2
48.415238095      158.3
49.380136055      158.4
50.378526077      159.1
51.310294785      159.2
52.390022676      159.3
53.509659864      159.4
54.622040817      160.1
55.510566894      160.2
56.524625851      160.3
57.312653061      160.4
58.214965987      161.1
59.182585034      161.2
60.007619048      161.3
60.768435374      161.4
61.668707483      162.1
62.579229025      162.2
63.364353742      162.3
64.100136055      162.4
65.213605442      163.1
66.056054422      163.2
66.845714286      163.3
67.831292517      163.4
69.059047619      164.1
69.964625851      164.2
71.100952381      164.3
71.825850340      164.4
72.717641724      165.1
73.655510204      165.2
74.405442177      165.3
75.120544218      165.4
76.017414966      166.1
76.723356009      166.2
77.506394558      166.3
78.257687075      166.4
79.043265306      167.1
79.622312925      167.2
80.352653061      167.3
81.259319728      167.4
81.899682540      168.1
82.509931973      168.2
83.073741497      168.3
83.598367347      168.4
84.151292517      169.1
84.831564626      169.2
85.481360544      169.3
86.034829932      169.4
86.764625851      170.1
87.262993198      170.2
87.867210885      170.3
88.464761905      170.4
89.084081633      171.1
89.726258504      171.2
90.245442177      171.3
90.899591837      171.4
91.608526077      172.1
92.090340136      172.2
92.622585034      172.3
93.273469388      172.4
93.828480726      173.1
94.392925170      173.2
94.957641724      173.3
95.532698413      173.4
96.194285715      174.1
96.772426304      174.2
97.351111111      174.3
98.014693878      174.4
98.626394558      175.1
99.259863946      175.2
99.906938776      175.3
100.528979592      175.4
101.105306123      176.1
101.765941043      176.2
102.426666667      176.3
103.039546485      176.4
103.671292517      177.1
104.227482993      177.2
104.955102041      177.3
105.653197279      177.4
106.350657597      178.1
107.072040817      178.2
107.793197279      178.3
108.423038549      178.4
109.151927438      179.1
109.948888889      179.2
110.744308390      179.3
111.503673470      179.4
112.453514739      180.1
113.158707483      180.2
113.864308390      180.3
114.521904762      180.4
115.280181406      181.1
116.025578232      181.2
116.980340136      181.3
117.934149660      181.4
118.997278912      182.1
120.204625851      182.2
121.024648526      182.3
121.846349207      182.4
122.668117914      183.1
123.468480726      183.2
124.268843538      183.3
125.015691610      183.4
125.763628118      184.1
126.452789116      184.2
127.203537415      184.3
127.955646259      184.4
128.697324263      185.1
129.565895692      185.2
130.372562359      185.3
131.177324263      185.4
131.870476191      186.1
132.442993198      186.2
133.174013606      186.3
133.786258504      186.4
134.513197279      187.1
135.228299320      187.2
135.763401361      187.3
136.306666667      187.4
137.000362812      188.1
137.567709751      188.2
138.295147393      188.3
138.740680272      188.4
139.278367347      189.1
140.143673470      189.2
140.703129252      189.3
141.261133787      189.4
141.916916100      190.1
142.588117914      190.2
143.189909297      190.3
143.791927438      190.4
144.383129252      191.1
145.074331066      191.2
145.632494331      191.3
146.191564626      191.4
146.812517007      192.1
147.417142857      192.2
148.019954649      192.3
148.628752835      192.4
149.236099773      193.1
149.814421769      193.2
150.438095238      193.3
151.091156463      193.4
151.672380953      194.1
152.253605442      194.2
152.874013606      194.3
153.419319728      194.4
154.077278912      195.1
154.782585034      195.2
155.486258504      195.3
156.216054422      195.4
157.146666667      196.1
158.007074830      196.2
158.690204082      196.3
159.372312925      196.4
160.082721089      197.1
160.755918368      197.2
161.359092971      197.3
161.961360544      197.4
162.731609978      198.1
163.276825397      198.2
163.821133787      198.3
164.384943311      198.4
164.959727891      199.1
165.559727891      199.2
166.157278912      199.3
166.728707483      199.4
167.358911565      200.1
167.953197279      200.2
168.608072563      200.3
169.262585034      200.4
169.810068027      201.1
170.520816327      201.2
171.209931973      201.3
171.898911565      201.4
172.586666667      202.1
173.224875284      202.2
173.863786848      202.3
174.502448980      202.4
175.140498866      203.1
175.778684807      203.2
176.416848073      203.3
177.055714286      203.4
177.778503402      204.1
178.499047619      204.2
179.279183674      204.3
180.060589569      204.4
180.780861678      205.1
181.571337869      205.2
182.368163266      205.3
183.165895692      205.4
183.958639456      206.1
184.848435374      206.2
185.570975057      206.3
186.371609978      206.4
187.353832200      207.1
188.171315193      207.2
189.009705216      207.3
189.847800454      207.4
190.654126984      208.1
191.442721089      208.2
192.260952381      208.3
193.079546485      208.4
193.874467120      209.1
195.156462585      209.2
196.134603175      209.3
197.106938776      209.4
198.088344671      210.1
199.310657597      210.2
200.075102041      210.3
201.167165533      210.4
202.132925170      211.1
203.149931973      211.2
203.892789116      211.3
204.635646259      211.4
205.399727891      212.1
206.046258504      212.2
206.726213152      212.3
207.404988662      212.4
208.206802721      213.1
208.925895692      213.2
209.835827665      213.3
210.687709751      213.4
211.588934241      214.1
212.400544218      214.2
213.175464853      214.3
213.949387755      214.4
214.852063492      215.1
215.639365080      215.2
216.375873016      215.3
217.137777778      215.4
217.892426304      216.1
218.774058957      216.2
219.646190476      216.3
220.519183674      216.4
221.524172336      217.1
222.218049887      217.2
223.057959184      217.3
223.781768708      217.4
224.854784581      218.1
225.557732427      218.2
226.404897959      218.3
227.203083900      218.4
228.194467120      219.1
228.919183674      219.2
229.657505669      219.3
230.369523810      219.4
231.189478458      220.1
231.886984127      220.2
232.664308390      220.3
233.407165533      220.4
234.565442177      221.1
235.331156463      221.2
236.159455783      221.3
236.989024944      221.4
237.835283447      222.1
238.794013606      222.2
239.651156463      222.3
240.542766440      222.4
241.648435374      223.1
242.661587302      223.2
243.442312925      223.3
244.223492064      223.4
245.062040817      224.1
245.889705216      224.2
246.716371882      224.3
247.541405896      224.4
248.424852608      225.1
249.244444445      225.2
250.022312925      225.3
250.923537415      225.4
251.801541950      226.1
252.946394558      226.2
253.720544218      226.3
254.495238095      226.4
255.351201814      227.1
256.246689343      227.2
257.142131520      227.3
258.142539683      227.4
259.141950114      228.1
259.710748300      228.2
260.381315193      228.3
261.036190476      228.4
261.810975057      229.1
262.856054422      229.2
263.607074830      229.3
264.457142857      229.4
265.295238095      230.1
266.177959184      230.2
266.845170068      230.3
267.690884354      230.4
268.565986395      231.1
269.494421769      231.2
270.238911565      231.3
270.985578232      231.4
271.884625851      232.1
272.946213152      232.2
273.845986395      232.3
274.684807256      232.4
275.600544218      233.1
276.397278912      233.2
277.436371882      233.3
278.378231293      233.4
279.633560091      234.1
281.112380953      234.2
282.267664399      234.3
283.424217687      234.4
285.054149660      235.1
286.509387755      235.2
287.538798186      235.3
288.567800454      235.4
289.870657597      236.1
290.912834467      236.2
292.004897959      236.3
293.114784581      236.4
294.523718821      237.1
295.557006803      237.2
296.702086168      237.3
297.848888889      237.4
299.027482993      238.1
300.048526077      238.2
301.146258504      238.3
302.242721089      238.4
303.390657597      239.1
304.415419501      239.2
305.277641724      239.3
306.331972789      239.4
307.378820862      240.1
308.425034014      240.2
309.607800454      240.3
310.790748300      240.4
312.156009071      241.1
313.112018141      241.2
314.302403628      241.3
315.749297052      241.4
316.968344671      242.1
318.251972789      242.2
319.789931973      242.3
321.286530612      242.4
324.247891157      243.1
325.399455783      243.2
326.569024944      243.3
327.692879819      243.4
328.787845805      244.1
329.881065760      244.2
330.975419501      244.3
332.132789116      244.4
333.239727891      245.1
334.358775510      245.2
335.477414966      245.3
336.596462585      245.4
337.983673470      246.1
338.995736962      246.2
340.107165533      246.3
341.217596372      246.4
342.434829932      247.1
343.466666667      247.2
344.479274377      247.3
345.454331066      247.4
346.825034014      248.1
347.786666667      248.2
348.848072563      248.3
349.908752835      248.4
351.352380953      249.1
352.487732427      249.2
353.621768708      249.3
354.509931973      249.4
355.877278912      250.1
356.893605442      250.2
357.930340136      250.3
358.861405896      250.4
359.793197279      251.1
360.724580499      251.2
361.656054422      251.3
362.572290250      251.4
363.489523810      252.1
364.549682540      252.2
365.611587302      252.3
366.567256236      252.4
367.744580499      253.1
369.658775510      253.2
370.606258504      253.3
371.451065760      253.4
374.472517007      254.1
375.375238095      254.2
376.341768708      254.3
377.334421769      254.4
378.280634921      255.1
379.124353742      255.2
380.105578232      255.3
381.002993198      255.4
382.059863946      256.1
383.101496599      256.2
384.085623583      256.3
385.011156463      256.4
386.088344671      257.1
387.110566894      257.2
388.123673470      257.3
389.135963719      257.4
390.196825397      258.1
391.270748300      258.2
392.244535148      258.3
393.183129252      258.4
394.315918368      259.1
395.477913832      259.2
396.557505669      259.3
397.638458050      259.4
398.628571429      260.1
399.676371882      260.2
400.772789116      260.3
401.563537415      260.4
402.729070295      261.1
403.744943311      261.2
404.842630386      261.3
405.940680272      261.4
407.040000000      262.1
408.299682540      262.2
409.261133787      262.3
410.303287982      262.4
411.641179139      263.1
412.732063492      263.2
413.734829932      263.3
414.871655329      263.4
416.270657597      264.1
417.310113379      264.2
418.220408163      264.3
419.427120182      264.4
420.562721089      265.1
421.789024944      265.2
422.937777778      265.3
424.085623583      265.4
425.148095238      266.1
426.210793651      266.2
427.537777778      266.3
428.784036281      266.4
430.751927438      267.1
431.746031746      267.2
432.779319728      267.3
433.953378685      267.4
435.074829932      268.1
435.976054422      268.2
436.857687075      268.3
437.977687075      268.4
438.991383220      269.1
439.948299320      269.2
440.924625851      269.3
441.908752835      269.4
442.891972789      270.1
443.969523810      270.2
444.932789116      270.3
445.962993198      270.4
447.138503402      271.1
448.091428572      271.2
449.184217687      271.3
450.080544218      271.4
451.182585034      272.1
452.082993198      272.2
453.074829932      272.3
454.170340136      272.4
455.318639456      273.1
456.288072563      273.2
457.319727891      273.3
458.257414966      273.4
459.428571429      274.1
460.450249433      274.2
461.431292517      274.3
462.499410431      274.4
463.889886622      275.1
464.848707483      275.2
465.530340136      275.3
466.211405896      275.4
466.893605442      276.1
467.745850340      276.2
468.470748300      276.3
469.182585034      276.4
469.891156463      277.1
470.624943311      277.2
471.197278912      277.3
471.829659864      277.4
472.469115646      278.1
473.084263039      278.2
473.645714286      278.3
474.237278912      278.4
475.011700681      279.1
475.888798186      279.2
476.635056690      279.3
477.382675737      279.4
478.101043084      280.1
478.728707483      280.2
479.263673470      280.3
479.828027211      280.4
480.495600907      281.1
481.089886622      281.2
481.656054422      281.3
482.297324263      281.4
482.961451247      282.1
483.558276644      282.2
484.085306123      282.3
484.611337869      282.4
485.209705216      283.1
485.831292517      283.2
486.412879819      283.3
487.008435374      283.4
487.692879819      284.1
488.230022676      284.2
488.829092971      284.3
489.463582767      284.4
490.305306123      285.1
490.894149660      285.2
491.605260771      285.3
492.315306123      285.4
493.026213152      286.1
493.782494331      286.2
494.335442177      286.3
495.006621315      286.4
495.677278912      287.1
496.178503402      287.2
496.831927438      287.3
497.484625851      287.4
498.238911565      288.1
499.041451247      288.2
499.650975057      288.3
500.354467120      288.4
501.201133787      289.1
502.000181406      289.2
502.702585034      289.3
503.404081633      289.4
504.105578232      290.1
504.924081633      290.2
505.625034014      290.3
506.296598640      290.4
506.907210885      291.1
507.655691610      291.2
508.380952381      291.3
509.100408163      291.4
509.645714286      292.1
510.320544218      292.2
511.000816327      292.3
511.680000000      292.4
512.359183674      293.1
513.052970522      293.2
513.745850340      293.3
514.349569161      293.4
514.989931973      294.1
515.592380953      294.2
516.194829932      294.3
516.865714286      294.4
517.535873016      295.1
518.205714286      295.2
518.874308390      295.3
519.545034014      295.4
520.357732427      296.1
521.041451247      296.2
521.663537415      296.3
522.284625851      296.4
522.952562359      297.1
523.532721089      297.2
524.172698413      297.3
524.766258504      297.4
525.464308390      298.1
526.093786848      298.2
526.654671202      298.3
527.277278912      298.4
527.962267574      299.1
528.612426304      299.2
529.245532880      299.3
529.842176871      299.4
530.489070295      300.1
531.162721089      300.2
531.738276644      300.3
532.313197279      300.4
532.852879819      301.1
533.584761905      301.2
534.194761905      301.3
534.805986395      301.4
535.410793651      302.1
536.008979592      302.2
536.609886622      302.3
537.343673470      302.4
538.196281179      303.1
538.912834467      303.2
539.810249433      303.3
540.738684807      303.4
542.034829932      304.1
542.762086168      304.2
543.434013606      304.3
544.106666667      304.4
544.895419501      305.1
545.589115646      305.2
546.313287982      305.3
547.005918368      305.4
547.697981860      306.1
548.390022676      306.2
549.032562359      306.3
549.713560091      306.4
550.539274377      307.1
551.508752835      307.2
552.537324263      307.3
553.626848073      307.4
554.817959184      308.1
556.364625851      308.2
557.554195012      308.3
558.718911565      308.4
560.001451247      309.1
560.874013606      309.2
561.480997733      309.3
562.086530612      309.4
562.831564626      310.1
563.430748300      310.2
563.944489796      310.3
564.630748300      310.4
565.242086168      311.1
565.808072563      311.2
566.440272109      311.3
567.010793651      311.4
567.608526077      312.1
568.192653061      312.2
568.755918368      312.3
569.338072563      312.4
569.865578232      313.1
570.503469388      313.2
571.085532880      313.3
571.668435374      313.4
572.152743764      314.1
572.776780046      314.2
573.412607710      314.3
574.140952381      314.4
574.869115646      315.1
575.597981860      315.2
576.326054422      315.3
577.054512472      315.4
577.818412699      316.1
578.564739229      316.2
579.344671202      316.3
580.124217687      316.4
580.903401361      317.1
581.760000000      317.2
582.602811792      317.3
583.457959184      317.4
584.388208617      318.1
585.402494331      318.2
586.416734694      318.3
587.431428572      318.4
588.444444445      319.1
589.477732427      319.2
590.406666667      319.3
591.335328798      319.4
592.400544218      320.1
593.339319728      320.2
594.278095238      320.3
595.516258504      320.4
596.598276644      321.1
597.591292517      321.2
598.708752835      321.3
599.824761905      321.4
600.779319728      322.1
601.680544218      322.2
602.676462585      322.3
603.760181406      322.4
605.164625851      323.1
606.062403628      323.2
607.022403628      323.3
608.057324263      323.4
609.113832200      324.1
610.134421769      324.2
611.091156463      324.3
612.037006803      324.4
613.291972789      325.1
614.362267574      325.2
615.292517007      325.3
616.260498866      325.4
617.289433107      326.1
618.219682540      326.2
619.237006803      326.3
620.194399093      326.4
621.357278912      327.1
622.251247166      327.2
623.185850340      327.3
624.119002268      327.4
625.182403628      328.1
626.235646259      328.2
627.136462585      328.3
628.044625851      328.4
629.149931973      329.1
