0.410884354      209.4
1.392290249      210.1
2.614603175      210.2
3.379047619      210.3
4.471111111      210.4
5.436870748      211.1
6.453877551      211.2
7.196734694      211.3
7.939591837      211.4
8.703673469      212.1
9.350204082      212.2
10.030158730      212.3
10.708934240      212.4
11.510748299      213.1
12.229841270      213.2
13.139773243      213.3
13.991655329      213.4
14.892879819      214.1
15.704489796      214.2
16.479410431      214.3
17.253333333      214.4
18.156009070      215.1
18.943310658      215.2
19.679818594      215.3
20.441723356      215.4
21.196371882      216.1
22.078004535      216.2
22.950136054      216.3
23.823129252      216.4
24.828117914      217.1
25.521995465      217.2
26.361904762      217.3
27.085714286      217.4
28.158730159      218.1
28.861678005      218.2
29.708843537      218.3
30.507029478      218.4
31.498412698      219.1
32.223129252      219.2
32.961451247      219.3
33.673469388      219.4
34.493424036      220.1
35.190929705      220.2
35.968253968      220.3
36.711111111      220.4
37.869387755      221.1
38.635102041      221.2
39.463401361      221.3
40.292970522      221.4
41.139229025      222.1
42.097959184      222.2
42.955102041      222.3
43.846712018      222.4
44.952380952      223.1
45.965532880      223.2
46.746258503      223.3
47.527437642      223.4
48.365986395      224.1
49.193650794      224.2
50.020317460      224.3
50.845351474      224.4
51.728798186      225.1
52.548390023      225.2
53.326258503      225.3
54.227482993      225.4
55.105487528      226.1
56.250340136      226.2
57.024489796      226.3
57.799183673      226.4
58.655147392      227.1
59.550634921      227.2
60.446077098      227.3
61.446485261      227.4
62.445895692      228.1
63.014693878      228.2
63.685260771      228.3
64.340136054      228.4
65.114920635      229.1
66.160000000      229.2
66.911020408      229.3
67.761088435      229.4
68.599183673      230.1
69.481904762      230.2
70.149115646      230.3
70.994829932      230.4
71.869931973      231.1
72.798367347      231.2
73.542857143      231.3
74.289523810      231.4
75.188571429      232.1
76.250158730      232.2
77.149931973      232.3
77.988752834      232.4
78.904489796      233.1
79.701224490      233.2
80.740317460      233.3
81.682176871      233.4
82.937505669      234.1
84.416326531      234.2
85.571609977      234.3
86.728163265      234.4
88.358095238      235.1
89.813333333      235.2
90.842743764      235.3
91.871746032      235.4
93.174603175      236.1
94.216780045      236.2
95.308843537      236.3
96.418730159      236.4
97.827664399      237.1
98.860952381      237.2
100.006031746      237.3
101.152834467      237.4
102.331428571      238.1
103.352471655      238.2
104.450204082      238.3
105.546666667      238.4
106.694603175      239.1
107.719365079      239.2
108.581587302      239.3
109.635918367      239.4
110.682766440      240.1
111.728979592      240.2
112.911746032      240.3
114.094693878      240.4
115.459954649      241.1
116.415963719      241.2
117.606349206      241.3
119.053242630      241.4
