0.000000000       50.1
0.876190476       50.2
1.841179138       50.3
2.713469387       50.4
3.725714285       51.1
4.570340136       51.2
5.524535147       51.3
6.419591836       51.4
7.324081632       52.1
8.340680272       52.2
9.187482993       52.3
10.065850340       52.4
10.985578231       53.1
11.972789115       53.2
13.212517006       53.3
14.237823129       53.4
15.659863945       54.1
16.709115646       54.2
17.671836734       54.3
18.653242630       54.4
19.658956916       55.1
20.719092970       55.2
21.698684807       55.3
22.625668934       55.4
23.890068027       56.1
24.884172335       56.2
26.014331065       56.3
26.902857143       56.4
28.316371882       57.1
29.423673469       57.2
30.539319728       57.3
31.573333333       57.4
32.883809523       58.1
33.794829932       58.2
34.619138322       58.3
35.548299319       58.4
36.440816326       59.1
37.321269841       59.2
38.184489796       59.3
39.040000000       59.4
39.917278911       60.1
40.834829932       60.2
41.703401360       60.3
42.508843537       60.4
43.368707483       61.1
44.265578231       61.2
45.103673469       61.3
45.963537415       61.4
47.139047619       62.1
48.078367347       62.2
48.938231292       62.3
49.761088435       62.4
50.839727891       63.1
51.687619047       63.2
52.765170068       63.3
53.901496598       63.4
55.514557823       64.1
56.567074830       64.2
57.537959183       64.3
58.692426304       64.4
60.067482993       65.1
61.006802721       65.2
61.857959183       65.3
62.819773242       65.4
63.797913832       66.1
64.797823129       66.2
65.877551020       66.3
66.794013605       66.4
68.078367347       67.1
69.251700680       67.2
70.027755102       67.3
70.817596372       67.4
71.978594104       68.1
72.866757369       68.2
73.810068027       68.3
74.611156462       68.4
75.906394557       69.1
76.951292517       69.2
77.800272108       69.3
78.863310657       69.4
79.652789115       70.1
80.614965986       70.2
81.614875283       70.3
82.649614512       70.4
84.259047619       71.1
85.363446712       71.2
86.295147392       71.3
87.336780045       71.4
88.644716553       72.1
89.769433106       72.2
90.659773242       72.3
91.775782313       72.4
93.005714285       73.1
94.097052154       73.2
95.100952381       73.3
96.129523809       73.4
97.241541950       74.1
98.453333333       74.2
99.389387755       74.3
100.463310657       74.4
101.555374149       75.1
102.524081632       75.2
103.476462585       75.3
104.334512471       75.4
105.346394557       76.1
106.413424036       76.2
107.888185941       76.3
109.363083900       77.1
110.513560090       77.2
111.539047619       77.3
112.539501133       77.4
114.064036281       78.1
115.031655328       78.2
116.298956916       78.3
117.340226757       78.4
118.797278911       79.1
120.003922902       79.2
121.107664399       80.1
121.875374149       80.2
122.679183673       80.3
123.237369614       80.4
124.091428571       81.1
124.687891156       81.2
125.364897959       81.3
126.081451247       81.4
126.818321995       82.1
127.407528344       82.2
128.069659864       82.3
128.716190476       82.4
129.560816326       83.1
130.238004535       83.2
130.895941043       83.3
131.553560090       83.4
132.210702947       84.1
132.787845805       84.2
133.370702947       84.3
134.012154195       84.4
134.649251700       85.1
135.295782313       85.2
135.978956916       85.3
136.650521542       85.4
137.408072562       86.1
138.195736961       86.2
138.837913832       86.3
139.538140589       86.4
140.177052154       87.1
140.798616780       87.2
141.488435374       87.3
142.319092970       87.4
143.249705215       88.1
144.004353741       88.2
144.959455782       88.3
145.597052154       88.4
146.234557823       89.1
147.111836734       89.2
147.989659864       89.3
148.997369614       89.4
149.557913832       90.1
