0.920453515,210.2
1.615238095,210.3
2.693514739,210.4
3.041814059,211.1
3.715192744,211.2
4.458231293,211.3
5.154104308,211.4
6.034285714,212.1
6.471836735,212.2
7.244625850,212.3
7.825124717,212.4
8.516281179,213.1
9.171882086,213.2
9.822040816,213.3
10.611519274,213.4
11.192018141,214.1
12.152743764,214.2
12.515555556,214.3
13.212154195,214.4
13.862312925,215.1
14.512471655,215.2
14.897414966,215.3
15.789569161,215.4
16.277188209,216.1
17.182766440,216.2
18.098072562,216.3
18.622766440,216.4
19.511655329,217.1
20.062040816,217.2
20.735419501,217.3
21.420952381,217.4
22.331428571,218.1
22.709115646,218.2
23.440362812,218.3
24.288072562,218.4
24.961451247,219.1
25.513469388,219.2
26.122448980,219.3
26.517188209,219.4
27.133605442,220.1
28.202630385,220.2
29.048163265,220.3
29.860861678,220.4
30.812879819,221.1
31.553922902,221.2
32.428662132,221.3
33.274195011,221.4
34.058049887,222.1
35.015691610,222.2
36.013242630,222.3
36.881632653,222.4
37.825306122,223.1
38.846984127,223.2
39.525759637,223.3
40.353378685,223.4
41.029659864,224.1
41.772698413,224.2
42.521179138,224.3
43.299773243,224.4
44.090340136,225.1
44.654512472,225.2
45.418231293,225.3
45.975510204,225.4
46.741768707,226.1
47.693786848,226.2
48.759092971,226.3
49.208707483,226.4
49.597823129,227.1
50.340861678,227.2
51.130340136,227.3
51.811111111,227.4
52.848616780,228.1
53.309659864,228.2
53.631927438,228.3
54.404353741,228.4
55.240272109,229.1
55.967346939,229.2
56.648707483,229.3
57.359455782,229.4
58.035011338,230.1
58.885804989,230.2
59.445623583,230.3
60.175238095,230.4
60.841360544,231.1
61.630476190,231.2
62.189206349,231.3
62.796553288,231.4
63.529795918,232.1
64.269569161,232.2
64.922993197,232.3
65.520544218,232.4
66.130430839,233.1
66.675736961,233.2
67.407528345,233.3
68.029750567,233.4
68.658140590,234.1
69.775963719,234.2
70.542222222,234.3
71.563900227,234.4
72.731972789,235.1
73.862131519,235.2
74.628934240,235.3
75.758004535,235.4
76.881269841,236.1
78.079818594,236.2
79.156825397,236.3
80.085623583,236.4
81.365623583,237.1
82.732698413,237.2
84.033015873,237.3
85.062312925,237.4
86.726530612,238.1
87.980408163,238.2
89.629024943,238.3
90.756462585,238.4
91.788299320,239.1
93.277460317,239.2
93.878276644,239.3
94.822494331,239.4
96.060952381,240.1
97.198730159,240.2
98.127528345,240.3
99.334965986,240.4
100.716190476,241.1
101.517641723,241.2
102.934058957,241.3
104.518458050,241.4
105.697233560,242.1
106.974331066,242.2
108.553287982,242.3
110.225124717,242.4
114.479909297,243.1
115.844353741,243.2
116.592063492,243.3
118.212789116,243.4
119.095147392,244.1
120.302585034,244.2
121.509297052,244.3
122.787120181,244.4
123.727165533,245.1
125.294875283,245.2
126.641632653,245.3
127.943038549,245.4
129.195827664,246.1
131.169523810,246.2
131.314421769,246.3
132.191201814,246.4
133.537959184,247.1
134.418503401,247.2
135.593650794,247.3
136.452607710,247.4
137.787210884,248.1
138.507029478,248.2
139.668027211,248.3
140.628390023,248.4
141.897142857,249.1
143.625328798,249.2
143.923446712,249.3
144.950929705,249.4
146.262494331,250.1
146.982312925,250.2
148.696417234,250.3
149.838367347,250.4
150.720725624,251.1
151.792517007,251.2
152.810521542,251.3
153.965306122,251.4
154.923537415,252.1
156.058798186,252.2
157.399342404,252.3
158.285351474,252.4
160.055147392,253.1
162.980861678,253.2
163.438911565,253.3
164.330158730,253.4
167.328390023,254.1
168.323990930,254.2
169.459229025,254.3
170.155827664,254.4
171.432925170,255.1
171.850884354,255.2
172.984671202,255.3
173.440907029,255.4
174.497959184,256.1
175.075011338,256.2
176.309115646,256.3
177.098594104,256.4
178.177959184,257.1
179.502040816,257.2
180.186848073,257.3
181.301405896,257.4
182.123900227,258.1
182.973242630,258.2
183.669841270,258.3
184.599365079,258.4
185.499954649,259.1
186.525895692,259.2
187.253922902,259.3
188.963990930,259.4
189.812607710,260.1
191.053786848,260.2
191.332426304,260.3
191.958095238,260.4
193.193287982,261.1
194.000181406,261.2
194.954739229,261.3
196.033378685,261.4
197.021315193,262.1
197.672562358,262.2
197.950113379,262.3
199.923809524,262.4
200.828299320,263.1
201.479546485,263.2
202.152925170,263.3
203.222857143,263.4
204.265941043,264.1
205.194739229,264.2
205.728798186,264.3
206.965623583,264.4
207.911473923,265.1
208.770249433,265.2
209.792290249,265.3
211.092607710,265.4
212.082879819,266.1
213.089523810,266.2
214.413061224,266.3
215.481179138,266.4
217.478095238,267.1
218.662312925,267.2
219.358911565,267.3
221.143582766,267.4
222.005986395,268.1
222.562539683,268.2
223.538503401,268.3
225.307210884,268.4
226.553106576,269.1
227.369795918,269.2
228.971972789,269.3
230.213514739,269.4
231.177868481,270.1
231.944126984,270.2
233.423310658,270.3
234.430294785,270.4
235.629024943,271.1
236.704217687,271.2
237.772335601,271.3
238.840453515,271.4
239.490612245,272.1
240.744489796,272.2
241.812607710,272.3
242.939501134,272.4
244.204263039,273.1
245.150113379,273.2
246.317278912,273.3
247.269297052,273.4
248.639274376,274.1
249.684172336,274.2
250.287891156,274.3
251.541768707,274.4
252.775147392,275.1
253.979863946,275.2
254.630022676,275.3
255.256961451,275.4
256.382585034,276.1
257.346757370,276.2
258.215170068,276.3
259.112766440,276.4
260.053514739,277.1
260.856984127,277.2
261.688888889,277.3
262.340317460,277.4
263.244625850,278.1
264.103764172,278.2
264.690430839,278.3
265.589841270,278.4
266.379319728,279.1
267.168798186,279.2
267.819092971,279.3
268.682811791,279.4
269.305034014,280.1
270.048072562,280.2
270.540589569,280.3
271.244263039,280.4
272.114648526,281.1
272.668639456,281.2
273.414965986,281.3
274.270839002,281.4
274.738503401,282.1
275.717551020,282.2
276.108480726,282.3
276.654512472,282.4
277.362358277,283.1
277.873197279,283.2
278.593015873,283.3
279.103854875,283.4
280.154013605,284.1
280.621496599,284.2
281.356190476,284.3
282.133696145,284.4
282.928979592,285.1
283.887165533,285.2
284.281904762,285.3
284.699863946,285.4
285.466122449,286.1
286.278820862,286.2
286.534240363,286.3
287.486258503,286.4
288.184852608,287.1
288.709297052,287.2
289.111655329,287.3
289.667120181,287.4
290.374965986,288.1
291.271111111,288.2
291.996009070,288.3
292.467301587,288.4
293.151428571,289.1
293.857596372,289.2
294.359365079,289.3
295.052517007,289.4
295.633741497,290.1